,10,11,12,13,14,15,16,17,18,19,20,21,22,23,24,25,26,27,28,29,30,31,32,33,34,35,36,37,38,39,40,41,42,43,44,45,46,47,48,49,50,51,52,53,54,55,56,57,58,59,60,61,62,63,64,65,66,67,68,69,70,71,72,73,74,75,76
10,0.0,1.351853871338945,3.107340492539578,4.701556937230268,5.0769319835917175,5.8250203610720765,5.884341316679691,5.148789971505997,6.6278929188957205,6.20635817266377,10.205289136759134,13.870481293080912,15.314037963438727,11.512352392883512,10.238729977876906,14.680015522190427,15.04968655012233,9.973032199935462,11.498221482214891,10.249336731965982,7.270678113875176,9.399211138599908,8.667393685142326,7.725024995796173,10.92848007329437,13.921691272841365,15.258454792378823,11.071914640928874,10.968153958099128,15.45634859874381,14.807520438207135,10.174931229409996,14.378096807576682,17.957548789072817,21.85814215350017,22.345109035131507,18.235698753702597,18.612519120029425,23.324813348051965,21.340287440029545,19.72492529370055,21.178025989336668,25.159234950669823,25.713920804434817,26.082622131382543,19.690608369148933,26.600975279407173,28.221711508106477,21.151160669712155,23.336548713755185,28.43175600270064,27.224155467304467,28.619082241317408,26.15817153538355,28.045516263571894,27.98870712742826,23.693065336980414,23.470674337648347,26.94751816192302,24.993209772800807,19.091887693194373,24.202837499295434,26.495508930807965,23.323174497356852,21.285159148998808,18.277844490195115,19.294360662752
11,1.351853871338945,0.0,1.3507869869272537,3.0769163448867465,2.9532788245090305,3.532020241076844,3.984460593686907,4.641663610101951,6.900943921589983,8.07394096587407,11.997160864018106,15.337807828839656,17.45615202881885,13.909352616316351,11.23597450968397,16.412694889100937,17.408736991736912,12.467175257075235,13.21382825432938,11.149787664029608,7.985055525285702,9.617686519679827,7.5692009518410295,6.836482854534632,9.083583408360331,12.722138450914683,13.53923634905381,8.637419034875004,10.481699914556486,14.259252729044686,13.221987960567311,9.18233324615118,14.43566350397004,17.821337883711745,21.79411707937453,22.759761946771498,18.862708382821033,19.015399507330766,24.133217804457612,22.728033820816492,21.327050990155517,22.69665988922101,26.67829965147724,26.785656368843913,26.78694927185994,19.189369003584627,26.83516115307542,28.856566906957124,22.212667224653092,23.465936939987124,28.934133236296827,28.47118381030056,29.83634677314888,27.400626174288305,29.743758499528045,29.694049899562792,24.867506545304042,25.339373693810234,29.02577672316577,26.849221146572642,20.79404043748424,26.751167826950113,28.971991299107565,25.70673620381527,23.984981982007145,20.63705826875379,21.85386192851102
12,3.107340492539578,1.3507869869272537,0.0,1.3509370287648312,3.1301450617769713,2.7831898086527267,4.883690299205345,4.6606470404729565,4.910132607709175,5.637753673087794,10.609476657293053,12.978433336308912,14.931931095915825,11.4609318048288,8.300819712861234,13.317096604846785,14.31600293459737,9.823607311830191,9.85244247064121,7.73847033177354,4.67947139908441,6.6425238861045015,4.946967246580907,3.8491505899447875,6.300055184898067,9.789560079911997,11.052887873056912,6.8470980345044925,7.718977371992137,11.662872255098,11.480495778872925,8.0254566525154,11.942721498507842,15.89554352991785,19.638088632465184,20.819836018734463,16.9479528599234,16.29555915268752,21.797270486384207,20.7931360589957,18.863262347377493,19.744900789001168,24.130482757539998,24.1045639163017,24.118738015114985,16.478416723607438,24.052741894654037,25.958394349616587,18.984582600685428,20.48645187640709,25.829986879138932,25.187623091188524,26.41295296071387,23.94372479048024,26.295100371655543,26.32956755778751,21.487576276510428,21.929052981974586,25.667652442830978,23.72673647669307,17.42736062428246,23.60600397501524,25.900716657217018,22.89917076392737,21.276209864814735,17.77440188041021,18.7275703371143
13,4.701556937230268,3.0769163448867465,1.3509370287648312,0.0,1.3479925627238754,2.9054302898628044,5.552718212194658,6.7857290103423,7.098105057348684,8.058066887013585,13.428323733657486,15.236837559161023,17.332483581414817,14.081319331750851,10.361162538639482,15.326168384603134,16.261331980565924,11.920288002721213,11.005087481720679,8.328641245802602,5.7270109697153275,5.128545498831336,3.30801718891123,3.9598431903839626,4.322503031661952,7.818804024054822,9.32406125831745,5.213440521242062,8.15256812328516,11.533180365538172,11.162181255438558,8.71936742923197,13.009404333253997,17.053385418422828,20.572574550677533,22.148043919462374,18.631243950853932,17.360682899940183,23.34924859896569,22.95640215068532,20.99478466807854,21.314570707831916,26.04610080708663,25.48718875944208,25.14942010170009,16.535795486231738,24.403042715722464,26.49889570479894,19.833617548215457,20.573584980970836,25.908872348810053,25.60487306278888,26.50446452498695,23.754698677546887,26.413212478008656,27.132766984844356,21.762856498271702,22.594535103833437,26.69790641383761,25.03596200726641,18.547453441369854,25.042757796112873,27.600427461141066,24.94183420474356,23.465155908274312,19.827231382760218,20.121010137035302
14,5.0769319835917175,2.9532788245090305,3.1301450617769713,1.3479925627238754,0.0,1.351552650750161,2.5755779180445844,5.259959508040345,7.290647602609874,9.467597008162452,13.647541544976256,15.379079003774118,18.07764470827107,15.45287191356165,11.401820670430794,16.69881014690188,18.218029840178918,14.133348608891735,13.831036306129056,11.020510726205947,8.171611356124224,8.978857081109476,5.966664903585519,5.820619742319153,6.812153388411871,10.69359600874292,10.533955109238367,4.861744103084418,8.902427990793027,11.723508947663774,9.651894915681865,6.7500428261125185,12.779460751870422,15.854597618161309,19.71276265569245,21.153168626494057,17.69308982017333,17.713851528240856,22.983075975998684,22.50496046754218,21.21254791191136,22.314903730260998,26.29470086053261,25.812793324803295,25.38071599535012,17.03562262598935,25.01610489740004,27.302822287195553,21.567042538406614,21.84577465988401,27.546033516743265,27.732094374668236,29.27171198851916,26.96277110168545,29.567007288537916,29.504053627369046,24.176858825754643,25.532024368070758,29.241222917865354,26.61475102246983,20.92416876273593,27.408076816408318,29.575604778321583,26.264841191569566,25.221857983374544,21.311551834941543,22.79609921674516
15,5.8250203610720765,3.532020241076844,2.7831898086527267,2.9054302898628044,1.351552650750161,0.0,1.3504250996272547,2.9377124983576968,3.641013796562638,6.835254158158823,10.508788125864108,11.383039931588142,14.423874770821904,12.419385649462969,7.445768271974371,12.827136837137935,14.801713757495872,11.764724803509255,11.512899172419633,7.8506589798281174,6.364420124694424,8.239073581981271,5.2846425376921955,3.104178536791006,4.844310404019664,7.870765272069408,8.007545180866288,3.4942551128139865,5.087364350045079,8.237996211737412,7.103038857241705,3.374016546285801,8.87854345353774,12.18803963830377,16.00104963207235,17.45809359392073,13.816950791433422,13.568797731951381,18.9673049152069,18.647381511421834,17.205505843402157,18.23176297844764,22.25579160807947,21.75129210903785,21.405337079845854,13.325541824734858,21.193091687624445,23.39585709389967,17.54278728072146,17.952277862755594,23.62751452185132,23.80349512349532,25.503123409685816,23.427686153137206,26.07592854833631,25.661041808583693,20.34991965399347,22.068766753182768,25.58834568323141,22.68095498536444,17.210787230343925,23.929496321793753,25.947747508881285,22.522161312466032,21.938154677217245,17.677652179711448,19.714294708390327
16,5.884341316679691,3.984460593686907,4.883690299205345,5.552718212194658,2.5755779180445844,1.3504250996272547,0.0,1.346558259701956,4.690753215572769,8.082382504461139,10.357428478226433,12.996201357357164,15.700115332352029,13.600480927861945,10.333050887816597,15.654638530305418,17.32170211938866,13.77362156239777,14.521492862603646,11.75912560360365,9.384913352437534,11.83650026368384,8.945470265137109,7.059325378664914,9.146475183944728,12.453492182027993,11.892675729140649,6.789579029159446,9.189052374960998,12.193389440810815,9.330586250896031,4.643677244527736,11.860365377304662,13.677229257946626,18.076006408524762,18.590192838980784,14.843915182182823,16.7732094709243,20.896900611012647,19.26669530220171,18.804184757062377,21.101286785571833,24.129011872391825,24.302439705418887,24.09491019550969,17.03259036781254,24.517014098118015,26.72257330233988,21.40795732241827,21.948694675454902,27.574621745806773,27.592862836078414,29.631101182896792,27.66555160746958,30.099813462803034,29.336117380588902,24.484520612574006,25.81805975496593,29.044468689530454,25.820122484741216,20.850120029541177,26.822730803465973,28.47819980846539,24.58119981530913,23.744504688153594,19.869973751733603,22.60073161109239
17,5.148789971505997,4.641663610101951,4.6606470404729565,6.7857290103423,5.259959508040345,2.9377124983576968,1.346558259701956,0.0,1.3437871159686872,4.510525297632263,6.476773622171092,10.01441145171575,12.462303188894015,9.95197352343191,7.21969873653108,12.45638421758569,13.956545748551589,10.304657260259802,11.942435826133014,9.628561874188891,7.456334049153829,11.320207543667024,9.593772138136723,6.2840995738151,9.591004294794848,12.144038507394672,12.276441091864802,7.98033537332098,7.675769822837722,11.513119627223034,9.721816813978114,4.4693342101976805,10.04617638119507,12.298063527275438,16.578115455241335,16.91279256776892,12.842333737070735,14.641378988693488,18.729142238100494,16.678246536802494,15.998197431517015,18.31955295962121,21.46626862298536,21.940653205728815,22.023291983775003,15.775019762153383,22.76440089279395,24.74780229579736,18.88663890245107,20.216960320899936,25.58982596178975,25.0792418842005,27.192356531619723,25.32414016767552,27.49660696973942,26.520192059037583,22.11292734263274,22.987357317158857,26.03740784317379,22.943844126765022,17.92978845895456,23.586176017727645,25.211042422705983,21.340655152055245,20.208524193192748,16.55506580275306,19.342994278737265
18,6.6278929188957205,6.900943921589983,4.910132607709175,7.098105057348684,7.290647602609874,3.641013796562638,4.690753215572769,1.3437871159686872,0.0,1.3494882229670442,3.6671609176694817,5.743835961449863,8.474314791019925,6.774298158616169,2.561121381621645,7.827002763183818,9.70024477375169,7.451155364774495,8.302349263983796,5.305977742765918,4.426952941226188,8.816341373230301,7.967605088330568,3.5277426125087,7.2420100561369765,8.469557908113535,9.40280144488729,6.0455785099067985,3.3405946618700577,7.560961106282964,7.166476558918558,2.711023049752379,5.287355085065826,8.37353729459461,12.4048813707406,13.10537138080391,8.900482933920426,9.734634248263728,14.26069139966499,12.936406382675985,11.548812663740982,13.491819940447106,16.941467825496193,17.195595269817538,17.330672525251,11.143753409867001,17.9589181637758,19.869581218303907,13.86840095255202,15.257037776036121,20.558530697108733,20.083510520041614,22.209663608230798,20.428325972255166,22.710340934128123,21.650434145713007,17.13704308423852,18.323633217378216,21.375159571444044,18.15601480109423,13.196909534465952,19.23284286967214,20.901264148667153,17.107392723358654,16.506472929495764,12.284207216132708,15.321591905965374
19,6.20635817266377,8.07394096587407,5.637753673087794,8.058066887013585,9.467597008162452,6.835254158158823,8.082382504461139,4.510525297632263,1.3494882229670442,0.0,1.3429640001477228,3.8127024113704198,5.8662949729299205,2.654451662097749,2.331120647854234,5.788051277884612,6.73498876644118,3.4913331615792442,5.269278098459033,4.890621969688442,3.3280549849965366,7.794319269606471,8.477406137126154,5.691640752590664,10.268867491374214,11.177043407491032,12.967960811506444,9.887546958759831,6.026585181646529,10.84735596135726,10.599145458512483,5.691378625792525,6.367145584900878,9.531750115459893,13.328606127984731,12.950695946609144,8.54469942961103,10.217666894419544,13.730308874899112,11.495345267439909,9.877467416266294,12.19990652569313,15.494348723566247,16.464593511136798,17.1077223402262,12.928799726517756,18.575374386732825,19.96613927354126,13.29487706645913,16.244100927636364,20.861059229319242,19.257025120392786,21.350956987564523,19.409029622690333,21.056303668976216,20.097561584367327,16.29558883562955,16.337078287628085,19.16595389573539,16.493901241365286,11.393233324213819,16.4366661191047,18.096302214475376,14.424301737200242,12.938836397057326,9.487762939074532,12.106442246648532
20,10.205289136759134,11.997160864018106,10.609476657293053,13.428323733657486,13.647541544976256,10.508788125864108,10.357428478226433,6.476773622171092,3.6671609176694817,1.3429640001477228,0.0,1.34997325392267,3.2092289345851257,2.417416810494164,1.9830917297336461,4.427349898162482,5.972261334442288,5.624604073386877,9.998646277658302,8.731910983900493,9.092792601985902,14.27707995421297,14.768133240357631,10.437025996507813,14.163329411836875,14.065143821929684,15.321455285695167,12.272747120337396,8.296471835511138,12.283096078900815,11.671360799330703,6.823284424301787,6.621691196319754,9.29667985374468,12.687974404053886,11.418739773281573,7.204511066928747,9.285364305033035,12.067732144706818,8.601525881996409,7.473614486419602,10.203840894171531,13.088097108135214,14.57177804800933,15.694698294983333,12.929870142974856,17.72620067727404,18.73637857638856,12.596964678802948,16.017543704235823,20.053000658615044,17.92512533292814,20.753556866967664,19.290102564246677,20.493080179060392,18.79685910152405,15.473249488071328,15.89331635092517,17.84076365052298,14.631673876654364,10.814267227432074,15.106975086118759,16.153075102724106,12.128288585765738,11.33795846643347,7.5254324968884125,11.676910116875167
21,13.870481293080912,15.337807828839656,12.978433336308912,15.236837559161023,15.379079003774118,11.383039931588142,12.996201357357164,10.01441145171575,5.743835961449863,3.8127024113704198,1.34997325392267,0.0,1.3490338446125034,3.1874909762591863,2.3678634167549557,2.0983504048919213,4.325914136451601,6.294910926324857,9.936394562296538,7.949212648534997,9.800756113693527,14.786860275685168,15.306067848236493,10.228454593129099,12.490444273203682,11.46542550671213,12.468919675376673,10.282643476878523,6.327555068195392,8.254762145705557,8.788269155076724,4.988461058509558,2.718983745067192,4.705562647859037,6.8149000018366195,6.044349007852688,2.5464627465899925,3.2516273343218605,5.9822242415034514,4.800395799566328,2.841618276742601,5.11965294530034,7.797953745918905,8.542046790622559,9.398216097859013,7.071861659373493,11.464224836061197,12.52651663267855,8.102441139279561,10.496643796965472,14.289537175456484,12.928806814280327,16.486732746384295,15.57219342946443,16.990042140840195,14.793957831077515,11.514136012068624,12.812729891785668,14.557320093883936,10.251258903987278,7.710272117169927,12.378574926179443,13.312576059941529,9.027383101198126,9.850178013488218,4.940968580539718,9.795946821147458
22,15.314037963438727,17.45615202881885,14.931931095915825,17.332483581414817,18.07764470827107,14.423874770821904,15.700115332352029,12.462303188894015,8.474314791019925,5.8662949729299205,3.2092289345851257,1.3490338446125034,0.0,1.3478247740538398,3.2231267687299563,2.9119402975016104,2.3637296393655745,4.628050594084887,8.786889166662684,9.40948951487997,10.513487543241867,15.650933440342945,17.0183172570034,13.011026564706908,16.18308683965017,15.379637715780547,17.086839593426163,14.62866228109222,9.930086630816257,13.348740996843487,13.75453897392178,9.370161055136064,7.293214153534114,9.928370302523417,11.67220554397732,10.123693262166203,6.570969351563645,7.344587215832622,9.662609658777221,6.538206870489914,3.9646914219702896,6.082868154654169,9.131692141173913,11.044290973699294,13.18866511553408,11.931914457310512,15.74518161759493,15.704238898810315,9.570935883826873,14.299200567695591,17.321761795814457,14.126722106484165,17.120098727187152,15.60431110309449,16.275489396579545,14.502657348738117,11.429078976797317,11.679121400412262,13.089461861920615,9.984347549605594,6.839256889420415,10.250171509357843,10.867995688575968,6.805006032912993,6.315128438369145,2.7385208046358107,7.0924374153295
23,11.512352392883512,13.909352616316351,11.4609318048288,14.081319331750851,15.45287191356165,12.419385649462969,13.600480927861945,9.95197352343191,6.774298158616169,2.654451662097749,2.417416810494164,3.1874909762591863,1.3478247740538398,0.0,1.3482458832206363,3.222713417523917,2.514519977479675,1.8454338805957138,5.9784313468544035,6.70102561103998,7.164428564037229,12.257775073161593,13.654934266522496,10.43537084463689,14.467674862452219,13.909839875637457,16.45115779309673,14.179612370578269,8.718574303286879,13.725084948983577,14.569769356294497,9.927124486446159,8.109102055698148,11.848588365763652,14.181647213338222,12.868818657584672,9.075867986382047,9.651013210026191,12.658132179212918,9.644506483209291,7.103525463768359,9.005970950314259,12.553963776484094,14.212203072498548,15.949882918130344,13.646971901966714,18.058720320064353,18.34973278178601,10.93649621500533,15.663993441536165,19.361763720851094,16.434122033003554,18.550033743535234,16.5374068058386,17.632616152070263,16.540477044059486,13.139501119353481,12.798492921791192,15.037527851403269,12.535600705999608,8.049501852526474,11.867471242225214,13.396344019219972,9.760527318456548,8.0143595174416,4.9081932198886316,7.790317469682042
24,10.238729977876906,11.23597450968397,8.300819712861234,10.361162538639482,11.401820670430794,7.445768271974371,10.333050887816597,7.21969873653108,2.561121381621645,2.331120647854234,1.9830917297336461,2.3678634167549557,3.2231267687299563,1.3482458832206363,0.0,1.3480462624924505,3.173206327874744,3.1951140499779025,5.29380399959857,3.1243966339512514,4.225950336538866,9.18213087509106,9.715378354046894,5.076899894801253,8.343510577156172,7.995069543365623,9.93282368281588,7.611026047770077,2.6391172135724736,7.173327451339912,8.284732640179387,4.33987082433409,2.725398351439324,7.2178004654755386,10.482387709268439,11.07873392144573,6.953834441612332,6.129461446985214,11.060535837644794,10.242531923821954,7.395863501667302,8.319070643438689,12.69150514600516,13.123407464971066,13.661222233778117,8.739866984539931,14.562508785638302,15.900326503771245,8.518515183577819,11.790215487464998,16.40631136347067,14.726911094814641,16.532944659062778,14.665997351853028,16.41497242381383,15.444371798109286,11.49329571035674,11.766392348356046,14.749845542039296,12.351334920220795,6.674625141191328,12.527445120467588,14.499872347070982,11.248552685229459,10.287089500598963,6.24304342256951,8.688659155917401
25,14.680015522190427,16.412694889100937,13.317096604846785,15.326168384603134,16.69881014690188,12.827136837137935,15.654638530305418,12.45638421758569,7.827002763183818,5.788051277884612,4.427349898162482,2.0983504048919213,2.9119402975016104,3.222713417523917,1.3480462624924505,0.0,1.3506111473027809,3.292122126237547,5.885914410352267,5.593947397260383,7.992318336495685,12.692221915356834,14.166911429283322,10.086120485791001,12.44282647329896,10.860051910018697,13.208956633720746,12.081883225490097,6.32546407916389,9.321969484252975,11.61119093983493,8.579496269462732,4.128023646814458,7.796466718109109,8.679396896821835,8.946169041307082,5.655266716064434,3.2029068187752534,7.287454612846812,7.356506564164421,3.328388746449715,2.794505210536865,7.723415023659406,7.9960032380215305,9.272068223820483,6.882487259149244,10.936714679216905,11.159006261859354,4.213549476276658,8.524487287215209,12.011560388099744,9.536712746568845,12.245683423770618,10.839174123882204,12.26813261884429,10.608131032442987,7.14260609089567,7.8503981366692805,10.341366179293543,6.923866239855573,2.8488496277430455,8.487021824694802,10.167837956127668,6.677747414848006,7.714345801847575,2.631308885667626,5.481600451315559
26,15.04968655012233,17.408736991736912,14.31600293459737,16.261331980565924,18.218029840178918,14.801713757495872,17.32170211938866,13.956545748551589,9.70024477375169,6.73498876644118,5.972261334442288,4.325914136451601,2.3637296393655745,2.514519977479675,3.173206327874744,1.3506111473027809,0.0,1.3469989790626937,3.7252351796902405,6.884581577118265,8.41455810675255,12.799417892495951,14.815215209804544,12.019218190115934,15.397620363633092,14.22460107568897,17.016877110916266,15.412913542180307,9.417168576257353,14.068736091358328,15.738825937620359,11.86601131863733,8.55820033977957,12.975371015959542,14.58024948519955,14.213142031613634,10.577277876597178,8.953038804053254,12.980662019997245,11.5419456821047,7.499633216804177,7.16135700833243,12.303837767340212,13.190781529671334,15.053541449864639,12.772110818740266,16.804880854088076,16.40010839325818,8.090515810399369,13.834414274805646,17.05451368988797,13.337467356788363,14.792748352711685,12.457907924885312,13.21554066296723,12.564057934976853,9.16784403744085,8.330479847236163,10.843842141592042,9.152594601413627,4.140298268385384,7.783829239078332,9.987676488906244,7.375774032903545,5.365447722202754,2.541985500428162,3.725031274491915
27,9.973032199935462,12.467175257075235,9.823607311830191,11.920288002721213,14.133348608891735,11.764724803509255,13.77362156239777,10.304657260259802,7.451155364774495,3.4913331615792442,5.624604073386877,6.294910926324857,4.628050594084887,1.8454338805957138,3.1951140499779025,3.292122126237547,1.3469989790626937,0.0,1.3390947161713453,3.593620959152816,4.807676775943814,9.067611854358072,10.931153426129685,8.761899422384646,12.714407261753413,11.811338803045969,15.053531235201204,13.873362728610775,7.9638703938337185,13.484816011455665,15.356087913763188,11.527127905383598,9.101520373626856,14.317789829886285,16.47135455694756,16.43237059268612,12.630381610051048,10.43172296421669,15.340402228596126,13.77334822025635,10.1253242964697,9.774771756737124,15.07539519538173,15.689576947694382,17.13803322409141,13.60549204803609,18.403462213376258,18.27905243699263,9.583958111612251,14.581549330396873,18.408174164480947,15.520540653868172,16.46364531119998,13.965439248045683,15.228566255915808,15.102063331835563,11.440374681076337,10.311191436951544,13.499037321129224,12.200255072177425,6.1425288611008,10.445760280224016,13.022972724167055,10.731107248983582,8.315903773665086,5.469665818041416,5.508979060382279
28,11.498221482214891,13.21382825432938,9.85244247064121,11.005087481720679,13.831036306129056,11.512899172419633,14.521492862603646,11.942435826133014,8.302349263983796,5.269278098459033,9.998646277658302,9.936394562296538,8.786889166662684,5.9784313468544035,5.29380399959857,5.885914410352267,3.7252351796902405,1.3390947161713453,0.0,1.34788508631394,3.1150867678367318,6.4316848834337685,8.688742116792703,7.494241044838514,11.356552627625561,10.687577144370886,14.19845074243228,13.323941826027733,7.90161480959594,13.504034510780853,15.571417169337172,12.388434673389108,10.247790899093934,16.103452287963023,18.360286854378003,19.436215357581556,15.60214914950847,11.897732152180964,18.23924143880998,17.80424427057595,13.809380796867565,12.394749126720944,18.35603100205082,17.97297327303377,18.884872632970655,14.22375837430769,19.50308738506758,19.339575616773427,10.514676534148885,14.952005375330321,18.844664260337822,16.337960255368884,16.334054977506085,13.253780461758371,14.706772305740662,15.767807917029929,11.958658630194742,10.051908345407012,14.134770310047905,14.043066502773591,7.01305096920962,11.609188027009662,14.861726308182348,13.775047935859538,11.419833603523802,8.257359942911359,6.327602691392587
29,10.249336731965982,11.149787664029608,7.73847033177354,8.328641245802602,11.020510726205947,7.8506589798281174,11.75912560360365,9.628561874188891,5.305977742765918,4.890621969688442,8.731910983900493,7.949212648534997,9.40948951487997,6.70102561103998,3.1243966339512514,5.593947397260383,6.884581577118265,3.593620959152816,1.34788508631394,0.0,1.3379993410163589,3.649870728420448,5.869388198567287,3.462664524819928,5.994577221498243,4.8168274818597085,8.12718041756738,7.837367570755141,2.7969255194447475,7.724783292521395,9.954386234194171,7.733421410005641,5.760150612866173,11.70199456003576,14.120509671391437,15.837738410491207,12.219418861683817,8.268905016566876,15.253816874633987,15.758986639579922,12.45220607807113,11.311465692288367,16.960332484951298,16.108301418077176,16.05724398500208,9.314196134166624,15.90497406415521,17.049284028354105,9.35471024800448,11.494306006854643,16.33332959257436,15.44027079487508,16.183741745019468,13.542584689763762,15.9312799175973,16.4221137620472,11.425257662762228,11.71500077863014,15.868374396746296,14.706398219064962,7.72164136952715,14.661458750440644,17.283297357244177,15.289806080870347,14.519572549985407,10.332006244911073,9.830408910045598
30,7.270678113875176,7.985055525285702,4.67947139908441,5.7270109697153275,8.171611356124224,6.364420124694424,9.384913352437534,7.456334049153829,4.426952941226188,3.3280549849965366,9.092792601985902,9.800756113693527,10.513487543241867,7.164428564037229,4.225950336538866,7.992318336495685,8.41455810675255,4.807676775943814,3.1150867678367318,1.3379993410163589,0.0,1.3479132420136082,3.047519163861276,2.293497797728851,6.011893279081858,6.69661038934689,10.05154595854986,8.608708930442393,4.962055887200181,10.348290653160664,12.039314925534498,8.78576601150611,8.684349509172783,14.12792712506963,17.289742496586147,18.555280333100658,14.543354153509458,11.92181304532843,18.344569994184827,17.975827351601882,14.843718491778874,14.537346992239975,19.840222212033694,19.683328945986304,19.923619563604454,13.238188391355981,20.03356678246809,21.24580078848741,13.269651037367078,15.900804188081379,20.770745026040384,19.528176622047706,20.339882104591503,17.66911059442594,19.90313218624729,20.176466501334094,15.607924158246794,15.427791964151238,19.321228939778937,18.010041571842642,11.100281041434616,17.399336483210476,19.923873905983232,17.545326809712762,15.939688559185354,12.340317449482757,12.429015091901402
31,9.399211138599908,9.617686519679827,6.6425238861045015,5.128545498831336,8.978857081109476,8.239073581981271,11.83650026368384,11.320207543667024,8.816341373230301,7.794319269606471,14.27707995421297,14.786860275685168,15.650933440342945,12.257775073161593,9.18213087509106,12.692221915356834,12.799417892495951,9.067611854358072,6.4316848834337685,3.649870728420448,1.3479132420136082,0.0,1.3501339510628332,2.8185942415228302,5.665174928959974,6.226294715646812,9.894964024829013,9.082343343319708,7.9968825568895605,12.166269959161415,13.924301840793435,12.15367697073453,12.654665841111209,18.26301009255737,21.028237295374595,22.928751890888424,19.221644336538496,15.66790911688546,22.73003411219302,22.87833301873244,19.716480376058957,18.71063484907255,24.422645990363424,23.568567597862156,23.409378177422013,15.699850042334173,22.747725826919194,24.05506314853054,16.398287176265843,18.098876334177938,22.804011623975658,21.687709562580537,21.89211686759407,18.549353361350562,21.214227010073817,22.610023097693286,17.67476672004958,17.50380533889793,21.98325812080397,21.6449018648622,14.308809205076097,20.645435713947307,23.694896685560767,22.060843835089834,20.50635671792376,16.80154511394063,15.504091088404824
32,8.667393685142326,7.5692009518410295,4.946967246580907,3.30801718891123,5.966664903585519,5.2846425376921955,8.945470265137109,9.593772138136723,7.967605088330568,8.477406137126154,14.768133240357631,15.306067848236493,17.0183172570034,13.654934266522496,9.715378354046894,14.166911429283322,14.815215209804544,10.931153426129685,8.688742116792703,5.869388198567287,3.047519163861276,1.3501339510628332,0.0,1.347772282558377,3.6141568706018252,6.379054661295444,8.723825269596299,5.950327084620846,7.43466266270249,10.83919913088146,11.683041198489384,9.808911248170078,12.54844993730647,17.31993712011285,20.436453475037094,22.451187178418227,18.97259497341366,16.186302963098235,22.987261474992106,23.30204695871078,20.678188980411335,20.102275870859412,25.464851430603623,24.588923675087486,24.177186907396994,15.603751664643303,23.38489657844293,25.27997947794866,18.13230281901266,19.13741128526868,24.32264471444915,23.85723382773505,24.466493282504736,21.454454785956052,24.22719353219515,25.13618350605135,19.873239546911957,20.277884972803104,24.616194701442993,23.640690399270223,16.496751463136572,23.236124834072932,25.979315373370437,23.89134370563581,22.43190091334257,18.693850068643627,18.105989067698314
33,7.725024995796173,6.836482854534632,3.8491505899447875,3.9598431903839626,5.820619742319153,3.104178536791006,7.059325378664914,6.2840995738151,3.5277426125087,5.691640752590664,10.437025996507813,10.228454593129099,13.011026564706908,10.43537084463689,5.076899894801253,10.086120485791001,12.019218190115934,8.761899422384646,7.494241044838514,3.462664524819928,2.293497797728851,2.8185942415228302,1.347772282558377,0.0,1.350224269235454,3.1640527751295635,5.90373651755796,3.678318164683996,2.6331764266567927,6.349588358820865,7.740959524260507,5.4206223000004865,7.488701284052965,12.20385484662075,15.444676335732595,17.282704545901524,13.701101155639584,11.354165885094487,17.845750327122097,18.18306096889191,15.807892962048749,15.647590973453573,20.61090151120903,19.7971384930442,19.415256013023463,10.98897783614003,18.829918269602963,20.83181314080536,14.115423640221135,14.831332755535001,20.24497003155568,20.1666296122552,21.315659154445765,18.86240568684175,21.729237975025963,21.915455787175794,16.372802004207898,17.90183430655515,21.826462595119942,19.684169437942938,13.40261471017132,20.63968760571498,22.90295017232093,20.144398399757534,19.51033452683186,15.243909256128013,16.145024827627097
34,10.92848007329437,9.083583408360331,6.300055184898067,4.322503031661952,6.812153388411871,4.844310404019664,9.146475183944728,9.591004294794848,7.2420100561369765,10.268867491374214,14.163329411836875,12.490444273203682,16.18308683965017,14.467674862452219,8.343510577156172,12.44282647329896,15.397620363633092,12.714407261753413,11.356552627625561,5.994577221498243,6.011893279081858,5.665174928959974,3.6141568706018252,1.350224269235454,0.0,1.3438778342722322,2.8200305619846393,2.0015362056693045,2.3905746426309253,4.7223751032359,6.47777128100091,6.5340836108705584,8.001223178013216,12.477110123637502,15.066506736120845,17.48129415435074,14.790632765150715,11.837309898974679,18.506826231414845,19.74659605764965,17.742484940540727,17.030423585134493,22.014404353544634,20.39796378661459,19.441446830190767,9.860280913336437,18.165230428218248,20.60773928973562,14.926283629772291,14.29244761717015,19.964759510692346,20.592775386927,21.990994162375628,19.785488795525843,22.929613228058898,23.166335821900198,16.89971009553145,19.82990572553776,23.65479079009769,20.988184624955938,15.431311258064675,23.106296717677143,25.22497712890736,22.417687771501026,22.82166285733543,17.99096782421545,19.13228094243232
35,13.921691272841365,12.722138450914683,9.789560079911997,7.818804024054822,10.69359600874292,7.870765272069408,12.453492182027993,12.144038507394672,8.469557908113535,11.177043407491032,14.065143821929684,11.46542550671213,15.379637715780547,13.909839875637457,7.995069543365623,10.860051910018697,14.22460107568897,11.811338803045969,10.687577144370886,4.8168274818597085,6.69661038934689,6.226294715646812,6.379054661295444,3.1640527751295635,1.3438778342722322,0.0,1.3479220200252222,3.1427282429694237,2.502195921963049,2.5142400466643933,5.085441984940011,6.545277937602615,6.223272057108073,10.618662543762841,12.341851418897337,15.205028359427319,13.182518513283673,9.591768103590308,16.246945948849692,17.988721896397365,16.19667717565616,14.928366391360596,20.001950140928347,17.836038578135817,16.542930434726177,6.661750868190833,14.756265188520958,17.34537625006342,12.166559944823288,10.896017761228705,16.324363650665756,16.999922560818924,18.311606782022537,16.170476022550925,19.457337290944984,20.026711712928602,13.442450101226529,16.91838665523668,20.79092925435394,18.456045708364215,13.033422059733072,20.851211375855257,23.025368629526376,20.594484410629878,21.45551472683206,16.479128179407176,17.030188871274785
36,15.258454792378823,13.53923634905381,11.052887873056912,9.32406125831745,10.533955109238367,8.007545180866288,11.892675729140649,12.276441091864802,9.40280144488729,12.967960811506444,15.321455285695167,12.468919675376673,17.086839593426163,16.45115779309673,9.93282368281588,13.208956633720746,17.016877110916266,15.053531235201204,14.19845074243228,8.12718041756738,10.05154595854986,9.894964024829013,8.723825269596299,5.90373651755796,2.8200305619846393,1.3479220200252222,0.0,1.3518716928659857,3.157004143532152,2.612112086443558,2.798595178974555,5.23681991154069,6.708054404884663,10.016380485931657,11.956092023236824,14.739742306745757,13.130775073524743,10.953550547917185,16.766034722339626,18.421117074064618,17.431939162078837,16.824802928603795,21.171043568447743,18.93049570123285,17.386903595940417,7.33520401452887,15.107421916840776,18.269409223964626,14.425117454651133,12.1568644274464,17.87146154614606,19.185124259465557,21.118620154037,19.404422849142268,22.72327466667387,22.895310224930338,16.049441490946133,20.37654990892193,23.934473678929898,20.671909140932822,16.17731723488967,23.868986513368448,25.8052576413999,22.733260213423915,24.10442968438322,18.88918399330811,20.470204121751262
37,11.071914640928874,8.637419034875004,6.8470980345044925,5.213440521242062,4.861744103084418,3.4942551128139865,6.789579029159446,7.98033537332098,6.0455785099067985,9.887546958759831,12.272747120337396,10.282643476878523,14.62866228109222,14.179612370578269,7.611026047770077,12.081883225490097,15.412913542180307,13.873362728610775,13.323941826027733,7.837367570755141,8.608708930442393,9.082343343319708,5.950327084620846,3.678318164683996,2.0015362056693045,3.1427282429694237,1.3518716928659857,0.0,1.3524327659995967,3.1332389920504973,2.4917572129631744,2.5159695496656322,5.0862465441565705,8.679413181209501,11.837688402477761,13.883231411483099,11.232042533110402,10.320310603421126,15.807366712813508,16.774230510345138,15.699289933631105,16.129935240814767,20.007145544599275,18.55257529813383,17.67900928941337,8.60432852859227,16.825494181735696,19.39654335357507,14.942993564405691,13.872887260479281,19.783340120229287,20.798422710198267,22.880227813491413,21.10862681978241,24.204364802499022,23.701790993741614,17.550912159351917,21.101921783519593,24.391942191437803,20.584123782485822,16.260691235898413,23.47599385938613,25.231818969700807,21.570950947663633,22.538168510872563,17.393503852248923,20.182642655392222
38,10.968153958099128,10.481699914556486,7.718977371992137,8.15256812328516,8.902427990793027,5.087364350045079,9.189052374960998,7.675769822837722,3.3405946618700577,6.026585181646529,8.296471835511138,6.327555068195392,9.930086630816257,8.718574303286879,2.6391172135724736,6.32546407916389,9.417168576257353,7.9638703938337185,7.90161480959594,2.7969255194447475,4.962055887200181,7.9968825568895605,7.43466266270249,2.6331764266567927,2.3905746426309253,2.502195921963049,3.157004143532152,1.3524327659995967,0.0,1.3529401133908692,3.099371224602264,2.3807021698842594,2.20361032739038,6.138642403856965,9.158449346663772,11.238023507063636,8.501108962783752,6.310601263418413,12.487025938933305,13.507412678335841,11.534133549248152,11.148614759655183,15.983890304440486,14.758919733794942,14.130667842306703,5.789998832386145,13.575834649224994,15.757975386823867,9.566887469379795,10.050912789035667,15.62039379032061,15.775047918692023,17.36470403251768,15.452725001205668,18.26222058378957,17.80988751404803,12.178933510500018,14.709487463172193,18.125581417708847,15.234865918224802,9.876119024564671,17.20311948933748,19.212450177405113,16.231215155012613,16.688600959672936,11.764039023245378,13.722050058311975
39,15.45634859874381,14.259252729044686,11.662872255098,11.533180365538172,11.723508947663774,8.237996211737412,12.193389440810815,11.513119627223034,7.560961106282964,10.84735596135726,12.283096078900815,8.254762145705557,13.348740996843487,13.725084948983577,7.173327451339912,9.321969484252975,14.068736091358328,13.484816011455665,13.504034510780853,7.724783292521395,10.348290653160664,12.166269959161415,10.83919913088146,6.349588358820865,4.7223751032359,2.5142400466643933,2.612112086443558,3.1332389920504973,1.3529401133908692,0.0,1.3492785063416979,3.087045599648392,2.682051943108996,4.805076405984424,5.897667492630582,9.075975667963505,8.144481235778965,5.895755407884811,10.997813452588378,13.019371253518617,12.595438306773277,11.827135938249231,15.761561968771273,13.103731950396371,11.28613061987517,1.817422403838515,9.506517008690386,12.446180995622134,9.607098157365389,7.147702787078452,12.902500262717632,14.428178670363419,17.315070697228276,16.339129230086694,19.512381119405337,18.651801800147968,12.040680009543834,17.50204076796249,20.189445072116055,15.701843397402776,13.156188869689283,20.140279443291206,21.536679970466857,17.991924923359747,20.50222718493407,14.880665017110553,18.02529891214773
40,14.807520438207135,13.221987960567311,11.480495778872925,11.162181255438558,9.651894915681865,7.103038857241705,9.330586250896031,9.721816813978114,7.166476558918558,10.599145458512483,11.671360799330703,8.788269155076724,13.75453897392178,14.569769356294497,8.284732640179387,11.61119093983493,15.738825937620359,15.356087913763188,15.571417169337172,9.954386234194171,12.039314925534498,13.924301840793435,11.683041198489384,7.740959524260507,6.47777128100091,5.085441984940011,2.798595178974555,2.4917572129631744,3.099371224602264,1.3492785063416979,0.0,1.3503672372913,3.1791925136217523,4.072185164267812,7.607548735041558,9.421273842239298,7.497251835583981,8.308087754732709,12.464038286309224,13.399446052933968,13.63438958849214,14.550127744281047,17.41253147237345,15.867266424694822,14.579186931735576,6.1142774154729524,13.86057682876199,16.721127556526458,13.732184840927285,11.976792559368988,17.822973978228937,19.244392384348657,22.12934710323124,20.888021149490445,23.96166887954084,22.84251634270682,16.70982610338786,21.20552239501119,23.935583380443568,19.18704172433507,16.338667485161608,23.095645283281115,24.365271538833515,20.12125355810884,22.171763740845584,16.725057883586654,20.647917692101018
41,10.174931229409996,9.18233324615118,8.0254566525154,8.71936742923197,6.7500428261125185,3.374016546285801,4.643677244527736,4.4693342101976805,2.711023049752379,5.691378625792525,6.823284424301787,4.988461058509558,9.370161055136064,9.927124486446159,4.33987082433409,8.579496269462732,11.86601131863733,11.527127905383598,12.388434673389108,7.733421410005641,8.78576601150611,12.15367697073453,9.808911248170078,5.4206223000004865,6.5340836108705584,6.545277937602615,5.23681991154069,2.5159695496656322,2.3807021698842594,3.087045599648392,1.3503672372913,0.0,1.3501865207922887,3.066513774987389,7.0958751649815826,8.223198640277655,4.789831344857355,6.481698789782765,10.251022523696074,10.407846984888584,10.063808150373148,11.895864438905113,14.501575238965852,13.75766815592408,13.231967313025695,7.003181125720365,13.776537112214989,16.061086189908313,12.690089679208766,12.342608652621335,17.756332693707304,18.439332764253344,21.566811141983276,20.382041960268026,23.01383397414351,21.157392627653,16.349275944460974,19.302770204018877,21.710973451206602,16.882800887846837,14.10261389520377,20.099570556727798,21.166852443673065,16.716160039544626,18.172570096698603,13.02980233767679,17.5374972139244
