,10,11,12,13,14,15,16,17,18,19,20,21,22,23,24,25,26,27,28,29,30,31,32,33,34,35,36,37,38,39,40,41,42,43,44,45,46,47,48,49,50,51,52,53,54,55,56,57,58,59,60,61,62,63,64,65,66,67,68,69,70,71,72,73,74,75,76
10,0.0,1.352275795788695,3.0239490645094986,4.5990094634237,7.194897005532645,10.292991031273447,12.521913946153765,12.682986613463658,12.110268556708178,12.166170187513512,14.759005251609482,11.751707241083098,16.739187674752184,17.92551827941915,12.727732859636841,14.83994884752193,18.396199702484985,19.606283180160972,20.499202750765818,14.866827425300835,17.55167724049239,20.06989183395466,16.911235090936973,13.358971107219391,12.885736691077751,11.626000510576539,9.28171996070239,8.69845662197495,8.173226640049547,4.3428231772148,4.374645582288077,7.348944381126126,5.09416524974328,4.471760708534255,2.2386332191395084,6.170631050836714,7.7434965485234635,5.7205313714898125,8.238049064023178,10.805570115179531,11.284144549304685,9.662882801733218,13.550037514725267,11.440379199139594,10.684208299410116,6.128582160893521,9.417319810638451,11.480178773396238,6.707550263470314,5.838606359975663,10.846881703114391,11.552253175245875,13.593513946452292,11.848963488820049,14.979824747183216,14.737035298846225,8.430132480592622,12.434276778214413,15.70357991011282,12.92214767647289,8.598824254875025,15.574396726393383,17.55443472744163,15.00060098283654,16.456363170759982,11.33426109251197,12.752836925863084
11,1.352275795788695,0.0,1.3476425893460973,3.977823590510958,7.548310405073178,9.201266365219874,12.175448036097672,12.976596224923423,12.457087210356253,13.421399428755269,16.108818677681114,13.842859310660169,18.53398686185088,19.651763787576567,14.8518545981715,17.415499977875346,21.073232972123847,22.023026115024834,23.02596623833412,17.464752296388554,19.64758390676063,22.03300202977385,18.652426144305128,15.534501392963445,15.376605239641265,14.47675729054115,11.97698867614362,11.047281895759637,10.728647997360154,7.009100514763344,6.268696922823673,9.155990083423692,7.450422551426158,6.106122585976248,4.798533477451361,8.063663359822128,9.791325877665939,8.755709948086652,10.735567433249635,13.020330377891046,13.86914105997036,12.687901124222376,16.199824083202902,14.054850794944343,13.027797416160618,7.6016541136154006,11.136926714812423,13.734927467546758,9.702731197354765,7.959818688288402,13.057271652270412,14.124597935437063,16.152024133536518,14.354962028997846,17.65388956680333,17.637853819558476,11.154909384811416,15.332470262575224,18.679593482376955,15.958389949021742,11.579774244728975,18.621581697006427,20.60092703104586,17.952686929697123,19.428706505799266,14.281591025488643,15.793371470864361
12,3.0239490645094986,1.3476425893460973,0.0,1.3456381971100064,4.531834135453588,6.879075559239242,9.522073061168914,10.29015645401402,10.101475407292199,10.747138926968907,14.095183822693588,12.829837791784072,17.023569066821253,17.651791183514018,12.651751438981004,16.57399743997296,19.903032211991047,20.160167440976874,20.970016172781804,15.3887438866841,17.080020243681172,19.134618019058735,15.55733757451436,12.733522130534796,12.87062966571531,12.892468646847908,10.274927374336636,8.390861742314106,8.56200407347381,5.610228798927463,3.475555250398461,6.250736777363465,5.643428994667344,5.03922574203759,6.08654520860931,8.816659314509765,9.15077393697286,8.780086253893787,11.701050639824672,13.650897177858804,13.85459999938589,13.834863793217215,17.15660396113367,15.990903474457681,15.49007393148896,10.200495987711655,14.384468008093021,16.65372202126772,11.317280033364336,10.672854776766624,16.08746991766434,16.791306901942686,18.555642607780367,16.462367439366812,19.504650989683256,19.34625901587858,13.379651808251252,16.048011164171093,19.7280020053073,17.43947333019251,11.779991525504155,18.89044773210761,21.040625632756925,18.16621842891449,18.54902030326583,13.772170475395624,15.13657803834596
13,4.5990094634237,3.977823590510958,1.3456381971100064,0.0,1.3482362400786823,3.2472272460395795,5.78828124178924,6.185953082656194,5.394166335051582,6.64416304884892,9.265368380819353,9.297191342893168,12.670158102522514,13.346326756892124,9.51271769083084,13.658666527069569,17.24966405167493,16.794833390731235,18.417153176999648,13.434840824167708,14.19844381547137,17.108449970682155,13.577351833305682,10.713889309587849,11.945505001895931,12.565472915357898,10.746226205483547,7.68371778654335,7.302695783883317,5.517420132104392,2.8637102040007973,3.9626365022067827,4.226632138317457,3.5268882763120923,5.72610180425939,7.235355032464161,6.0854429239256405,8.021691675999596,10.448095748681906,11.234488274186878,11.71989030071316,13.228843556711087,15.535811891021341,15.367315666783881,15.380874643656341,10.033001524464703,15.312067911037841,17.5548777839408,12.264548003208999,12.48269751010228,17.936577908720995,18.249798219509852,20.330211428374543,18.421786416543238,21.143873230313112,20.34225030587331,15.198187526990491,17.136324223658892,20.395655103010103,17.512709965332032,12.415464695302312,18.77402473798654,20.444433346264017,16.745407290296782,17.087163050679628,12.420325403836555,15.300572703448607
14,7.194897005532645,7.548310405073178,4.531834135453588,1.3482362400786823,0.0,1.347792651801455,2.8265652471346687,3.2384549627473684,4.202556636884492,4.625553282656747,9.138270872394362,10.709161272683305,13.621112032279006,12.815286406752906,8.684760299229426,14.318566724774884,17.47574902306688,15.618053709756584,16.547581693161817,11.512705031395855,11.506477536050822,12.925813311289517,9.023232013634571,7.331172109725205,8.420038835163842,10.82447460511886,9.164690577221172,5.255037027762441,6.760430882101312,6.383840639446134,2.4002091353100106,2.429945512005062,5.156476357952931,5.947632145992181,8.739931188552086,10.821521540227186,8.75946817938993,9.579006132514476,13.324214203373158,14.597541954952085,13.735784148978498,15.390689997757542,18.268937585808317,18.46579104927883,18.836842550841816,13.946875879091095,18.807782611893323,20.82553300869672,14.22826554160456,15.402784973865561,20.790146795543684,20.645789561371956,22.14995397112565,19.89005531234195,22.353498639388523,21.88783963215463,17.160183835689185,17.614648279364836,21.308529206066126,19.418782728885926,13.110469460646039,18.963646567552345,21.396866003044853,18.112690490945642,16.654743290625177,13.016676168280492,14.465462505546707
15,10.292991031273447,9.201266365219874,6.879075559239242,3.2472272460395795,1.347792651801455,0.0,1.3494027685903178,3.1977504902264973,4.576288386878436,7.302568251705453,10.799254496409905,13.1758139585981,15.894951946661998,15.239761144354514,12.046067873381674,17.430910910630434,20.939320416141875,18.58109950632279,20.25927698237659,15.759367282925421,14.890535402944195,16.872301517588316,13.087270060317525,11.699700579509306,13.392967969847355,15.766661338308387,14.167317839628485,10.200021908343372,11.097768402658028,10.563434706439049,6.501827697108175,6.04406186007023,8.948544095603907,8.023109280692616,11.569692823275913,12.843743610646527,11.028794871243965,13.411403241910179,16.358855494747527,16.999894518286915,16.92595530623231,19.06838319187892,21.400186234767908,21.669087258754885,21.84599010686259,15.88179567527951,21.71203820379511,24.002976150632737,18.198625788863314,18.69861416188611,24.23924630372892,24.41916346986743,26.15003479751183,23.966977401981584,26.540401526597382,25.97837451743023,21.069358241684146,22.05847627830814,25.579318215097334,23.27783495639341,17.465003469679242,23.395300860444156,25.407999484572958,21.7355514462044,20.782601433796348,16.85369468826357,19.240713634989493
16,12.521913946153765,12.175448036097672,9.522073061168914,5.78828124178924,2.8265652471346687,1.3494027685903178,0.0,1.344097905920394,4.478328941495817,6.850083288437446,9.93105568520233,13.756338908993955,16.129552771082924,14.407705454384828,12.1103778363641,17.616016567162166,21.063149158024665,17.345994301763017,19.159540187416102,15.16007028070466,13.327851758939204,14.399219354270048,10.740868844220756,10.378494118427918,11.873790549013467,15.273917652411008,14.104445542047243,9.418843045533213,11.464161798384492,11.742807298244076,7.545374719686806,5.622978790145228,10.083016682640398,10.064160351047764,13.737196470143338,15.184729378900434,12.541331649552832,14.674847407398113,18.14846320402331,18.717587357764643,18.108220589483395,20.344777017728667,22.904714305000553,23.516529652954233,23.980808520199552,18.510289864878395,24.097642236310577,26.185127917345966,19.686720272738192,20.898485858292915,26.310667793644864,26.051797704109067,27.50702426482462,25.09982326573908,27.464659714572438,27.12434038711069,22.514326013924535,22.713358065407903,26.37263064839255,24.440876700372087,18.315294363664073,23.53623835125583,26.089788709920974,22.44933406727744,20.82731981802304,17.50218611866821,19.266533622836413
17,12.682986613463658,12.976596224923423,10.29015645401402,6.185953082656194,3.2384549627473684,3.1977504902264973,1.344097905920394,0.0,1.3474396428345905,2.858569902854359,6.503870762276931,10.191023209039724,12.496853967301583,10.340319370878753,7.8751699715048415,13.503207559430345,16.870241603302723,12.874482714206652,14.69961220196545,11.143409112693961,8.883242221233072,10.909977557517255,7.671439464801526,6.685923710057606,9.520509874378602,12.744904881432102,12.99601515045047,8.694660754894485,8.754980643338618,10.473169809693472,7.268518425140723,3.9311707029791556,7.674523465582183,8.30024613758434,12.38078973235773,13.236287001832777,9.881875669712729,12.477862868395526,15.76874557548682,15.653072871576981,14.82766157817786,17.547211223437284,19.933596716625033,21.115424537293528,21.979243617682688,17.131711552117448,22.794313872743075,24.645490537278185,18.164638319669017,20.141618346711322,25.282308887138896,24.423457864636852,26.276401262818336,24.20567333855745,26.052281087007316,25.11498337788856,21.126243912522067,21.052227619404952,24.011656374733462,21.738207092935838,16.477689055777724,20.56140027253222,22.79667004217213,18.831923384149782,17.02843826557722,14.091930610373039,16.743088285893247
18,12.110268556708178,12.457087210356253,10.101475407292199,5.394166335051582,4.202556636884492,4.576288386878436,4.478328941495817,1.3474396428345905,0.0,1.3483207468444114,2.8228198879455713,6.174923738668604,8.401010695022679,7.501853451488907,6.7633728231844,11.037190703351872,14.963549348619226,11.233609291653446,14.161666997581593,11.279974192217667,8.885875196723722,12.907282738208837,10.77766848362903,8.355680660625094,12.11277505771489,14.05623015090904,14.654849763734017,10.444792096355313,8.955742450574052,10.538224628387685,7.83756378635735,4.6813215276727265,6.151797219646923,5.932216332611017,10.522691673256672,9.866591897492523,6.602968551415177,10.625691756464947,13.135647902812874,11.874084576823748,12.128293693872905,15.233528002270754,17.03404255933749,18.453713094895267,19.23398966029001,14.142258929071549,20.634773198495274,22.50791214939915,17.360830838069077,18.958380486139806,23.961397515745517,23.300084450834472,25.834458098086873,24.240153132183824,26.036359643974553,24.41189521684532,20.666063650318005,21.286976841118165,23.531572855466482,20.44407427050048,16.38836732198321,20.49408383011996,21.64800605704389,17.008286562509678,16.446864863778778,12.924110859197036,17.184177930077716
19,12.166170187513512,13.421399428755269,10.747138926968907,6.64416304884892,4.625553282656747,7.302568251705453,6.850083288437446,2.858569902854359,1.3483207468444114,0.0,1.3351746794897486,3.618984707740765,6.0213270875157185,4.805849429583487,2.4689567738051155,7.252342113618096,10.848556159353631,7.403016101933049,9.479952000714073,6.605438467664505,4.026161641322209,7.0802258463483,4.6473341100460415,2.995165851836127,6.64205600995374,9.458351164421309,10.72294456046025,6.919126190133225,5.182618380706924,8.28101572178033,6.675161346495436,2.7652155277531465,3.566024609735344,6.389969760602771,10.586403990154041,10.098839159437867,5.800954686071667,8.844948114456477,11.713578460205639,9.953474093278286,9.165528207498337,12.55978743492439,14.565948480176624,16.459337364544695,18.010394341073717,14.552902400896071,19.99877957777415,21.35818259878289,15.088887129069269,18.167589783315048,22.65673739365745,20.850119139670873,23.218074960399782,21.4469383978201,22.760570288088896,21.276972705533254,17.883481435238572,17.788568439389536,19.844293488817552,17.17491807506446,13.051894262033008,16.37304914456527,17.672644542520114,13.336861788074902,12.048682101750659,9.0700587290976,12.982708436633882
20,14.759005251609482,16.108818677681114,14.095183822693588,9.265368380819353,9.138270872394362,10.799254496409905,9.93105568520233,6.503870762276931,2.8228198879455713,1.3351746794897486,0.0,1.3512023735481509,3.105810820327902,2.578995278600091,2.6060127116012293,5.000616285652529,9.128588766563027,6.960346987524012,10.518208798626269,8.210450756926216,7.046713760227545,11.96720151066735,11.398676064518911,7.960120788562065,12.501383417262582,12.67933142512652,15.086222767109172,11.935055518072717,7.471214668377135,11.476074211029118,11.065150996139556,7.04251952758342,4.9010012563081045,7.852869418945922,11.821866510732185,10.169638353043714,6.030676971547788,9.64659155914206,11.929115785275991,8.761124242858127,8.304048821279732,12.024449899858682,13.654125709997661,15.900611860184673,17.905065936824084,14.661692502327005,20.442821772407566,21.540307372155326,16.481503757117217,19.510888155892797,23.554249742149203,21.337010628101446,24.401783916729865,23.07537033099211,23.774272743281777,21.750154076801895,18.816500509458432,19.01170930568643,19.904649036804248,16.917249623657224,14.197885753050114,16.77555169976121,16.887387143453495,12.335633775992392,12.096077477294017,8.944025131709274,14.048807136233416
21,11.751707241083098,13.842859310660169,12.829837791784072,9.297191342893168,10.709161272683305,13.1758139585981,13.756338908993955,10.191023209039724,6.174923738668604,3.618984707740765,1.3512023735481509,0.0,1.3481278574857691,3.0244207900775284,2.306914612877127,2.1390164660584303,6.086100804920545,6.44746070645213,9.847150201349288,7.3067954749840895,8.296516335628464,13.621036223310401,13.555719641392306,8.721674142249348,12.015169066376172,11.184554771344885,13.33789429785682,10.963779953226132,5.784841319677282,8.34237099417805,10.16028557857947,6.989740316894323,2.5141657710774497,5.767382243225066,7.672849003808255,5.288064876339081,2.4056659418901654,4.461901685282125,6.195032566597858,2.5781275166812208,2.3667013385779216,5.8917219408567245,7.1613732614691425,9.440210508596172,11.70965587834323,9.897330902599593,14.843965321128408,15.509246665580587,11.605032180576623,14.66510238337258,18.082836800566106,15.74148083098357,19.315235137872676,18.489134984926718,19.082535036629448,16.56737353351098,13.928244015719587,14.746915746736331,15.17077468354205,11.689450256306696,9.751640190440225,12.847903427825111,12.41559097041531,7.343780476524114,9.069492371148948,4.753412172639274,10.902079020037144
22,16.739187674752184,18.53398686185088,17.023569066821253,12.670158102522514,13.621112032279006,15.894951946661998,16.129552771082924,12.496853967301583,8.401010695022679,6.0213270875157185,3.105810820327902,1.3481278574857691,0.0,1.3506841162684717,3.0445010084444015,3.065060250091192,5.698806439570062,4.746280074895477,9.153968149166666,8.722809188498568,8.410826026261972,13.646496713774166,14.480532977816946,10.690882760374741,14.974748340324538,14.272974698907946,17.05851163855148,14.699829313090216,9.22533586978012,13.157630725306914,14.176761399857394,10.375178682864567,6.610430145897713,9.997636986067599,13.01050767410292,10.585352687521178,7.02274786229569,9.901955055825535,11.606348242545598,6.5089765564341615,7.2346100840195975,10.763898167844205,11.401812832800427,14.429965168331421,17.09099035210668,15.029192894783366,20.35505124381516,20.756026513583418,16.808933797146093,20.081939660795577,23.4701078100761,20.676519600197288,24.30604799616938,23.358845907230485,23.551491140176136,21.118072352254828,18.66025291445528,18.961375032524593,18.816342904592997,15.701418535732616,14.135320376883554,15.6991194649132,14.667886789921557,10.257059695045013,10.968486153732425,8.659737524603985,14.018482359320352
23,17.92551827941915,19.651763787576567,17.651791183514018,13.346326756892124,12.815286406752906,15.239761144354514,14.407705454384828,10.340319370878753,7.501853451488907,4.805849429583487,2.578995278600091,3.0244207900775284,1.3506841162684717,0.0,1.3483384774449603,3.275020671102831,6.173443036960876,2.3023731564270324,6.056275354155175,5.66703150936089,4.56528049682006,9.550137178389145,10.345264940278728,7.539332088902646,12.18154280208623,11.779165896452826,14.943727597790367,13.470891136266589,7.939401052387326,13.250674675510847,13.951036321228198,9.665263046969214,7.2477969364311035,11.38521760168814,14.862472585354412,12.913984094402187,8.943213886527202,11.523921048893857,13.786543243254416,9.402534400993893,9.145493978639706,12.709087062146857,13.969793336728866,16.735267566794747,19.449963907509122,17.471730175578013,22.517146296185558,22.933330023733276,17.622715739634174,21.733164036992612,25.198408772033382,21.948265389731233,24.876771550432764,23.281391716292354,23.33819438526863,21.55732468255581,18.824080142204505,18.35835399807225,18.72867769699421,16.177896468194756,13.724300843811072,14.78887054870061,14.891866600729065,10.913060599183067,9.82685629864678,8.54506521792591,12.523182131742274
24,12.727732859636841,14.8518545981715,12.651751438981004,9.51271769083084,8.684760299229426,12.046067873381674,12.1103778363641,7.8751699715048415,6.7633728231844,2.4689567738051155,2.6060127116012293,2.306914612877127,3.0445010084444015,1.3483384774449603,0.0,1.349568338906768,3.789161280156579,3.2052678916391195,5.396744731109532,2.6412665987047785,2.862470245295427,7.907261505805535,7.768777514707925,3.1482020508006308,7.200024671039173,6.986045546552314,9.631399635294441,7.573502048507124,2.491409501090627,7.155663207742675,8.219707822891559,4.453431419870959,2.5227014872376254,7.473439112932291,10.887869709965445,10.541436059233348,6.1883471609446135,6.7799017390933365,10.547114783848851,8.70092035318949,6.050364209514692,9.286440933984434,11.552129901856645,13.836098162642417,16.542352079988206,14.871649443309318,18.82879187483341,19.338740589119105,12.49773785689748,16.89136296281457,20.64923504700793,17.58473540271256,20.115796465126852,18.380767621669637,18.911470538582506,17.252051195064716,14.262900945816327,13.958731590347309,14.729595508766554,12.20055098065943,9.343071154985738,11.015149721033724,11.36585991600853,7.315000394733717,6.1302041287321805,4.2712201193070145,8.448062644747225
25,14.83994884752193,17.415499977875346,16.57399743997296,13.658666527069569,14.318566724774884,17.430910910630434,17.616016567162166,13.503207559430345,11.037190703351872,7.252342113618096,5.000616285652529,2.1390164660584303,3.065060250091192,3.275020671102831,1.349568338906768,0.0,1.3503160155400047,2.9139317889488208,6.705430920604628,5.344462213401316,6.706734349871112,12.199463225639,13.070702649102962,8.649356847119211,11.881707539390392,10.203661227841181,13.137480368487823,12.522715957658878,5.839812933105624,10.247844821178264,12.766431280936807,10.048834116529358,5.4220534013138275,9.919039321283385,10.730682940229784,8.911512192139668,5.830153909054434,6.307185877787444,7.919000794806812,4.313620390360294,2.6164969162643534,5.335768888093577,6.184852905385354,9.475374888919534,12.925874539119517,12.978604930931928,16.575295829835905,15.837037096805384,11.512249070015589,16.020048546880066,18.547076364206063,14.673111303496286,18.25812817782256,17.36306859392156,17.122443367893215,14.631992660156989,12.405473149662617,12.59261303126881,12.161831668985796,9.032826594300413,7.823084903424466,9.501922092771588,8.399557740008191,3.816570539272882,5.352681513598133,3.044684311788227,8.222058997261588
26,18.396199702484985,21.073232972123847,19.903032211991047,17.24966405167493,17.47574902306688,20.939320416141875,21.063149158024665,16.870241603302723,14.963549348619226,10.848556159353631,9.128588766563027,6.086100804920545,5.698806439570062,6.173443036960876,3.789161280156579,1.3503160155400047,0.0,1.3447440645593878,4.638133601367331,6.242061419609383,8.166988907219979,13.052659361554813,14.688327260014844,10.577977090985446,13.137094807909094,10.89418871297848,14.23159518987351,14.353609727951039,7.584757907921646,12.892511789261626,15.217917387343794,12.797375288189322,8.510772652630033,13.910148410554923,15.180837624639036,13.86294915038092,10.47493516452919,9.971518935751213,12.42451558954961,9.08204903784366,6.705180094669729,8.844015465908324,9.42672741778702,13.377168425801436,17.001668156192565,17.440525555091924,20.696047733058666,19.505513270695147,14.26215492095022,19.62899081673469,21.97408106303445,17.37745544765298,20.46686940331491,19.14524787858962,18.4622431509593,16.454971163447013,14.296747104926004,13.62281615947229,13.005525061922935,10.606171255249173,8.817640226759417,9.235374737212938,8.123892577959861,4.915334949367715,4.995013280553929,5.040868900635873,8.579438645033811
27,19.606283180160972,22.023026115024834,20.160167440976874,16.794833390731235,15.618053709756584,18.58109950632279,17.345994301763017,12.874482714206652,11.233609291653446,7.403016101933049,6.960346987524012,6.44746070645213,4.746280074895477,2.3023731564270324,3.2052678916391195,2.9139317889488208,1.3447440645593878,0.0,1.3379273069227666,3.3756476425125213,3.4833878175053923,6.696197978292444,8.718478525053396,7.508560790445966,10.878479958310578,8.742298689779027,12.779996411502665,13.175728626802037,7.56673037584618,13.273577423508996,15.092058873100775,11.49609037242974,9.369828780668067,14.824985442447543,17.201110714779226,15.967856538430667,12.256352209517447,11.603938035546422,14.964122663300438,11.745479222267448,9.055652377584225,11.242088780547892,12.733617784271315,16.052463165343656,19.64338981179357,19.767372550058205,23.085576210118983,22.018817980871336,15.927988559538049,21.67160945440228,24.12593317150441,19.333463742418168,21.90189585507323,20.040801760456535,19.38393387258518,17.961480006918734,15.605221026840756,14.273214801067983,14.251989576591612,12.31104645515078,9.796609010570092,9.7395296457074,9.931439735986194,6.787429065510015,5.188208821499146,6.286095110326053,8.154639332813154
28,20.499202750765818,23.02596623833412,20.970016172781804,18.417153176999648,16.547581693161817,20.25927698237659,19.159540187416102,14.69961220196545,14.161666997581593,9.479952000714073,10.518208798626269,9.847150201349288,9.153968149166666,6.056275354155175,5.396744731109532,6.705430920604628,4.638133601367331,1.3379273069227666,0.0,1.3470473274777188,3.4498365850857278,6.709712933500576,8.825954407751421,6.998353276084579,9.639934615793834,7.594282394651983,11.92363205541946,12.475813642296114,7.957611760611096,13.507535767686536,15.207633945258479,11.915611790790766,10.956134433716493,16.677555150801613,19.28409911358762,18.88587823483524,14.871405481211479,12.904772559265547,17.80576548632737,15.43349342366365,12.040714276684097,13.613802990381688,16.088040812445158,18.9128230221926,22.43212311439824,22.046923727324447,25.328809652287514,24.232629304438333,16.875131621018866,23.085704139464493,25.633936331305776,20.515843249638365,22.34144536389259,20.05994910144831,19.33308700269904,18.56523578459833,16.14178680441219,14.213151467262042,14.648000862409225,13.53862195980004,10.447399076739757,9.307991454953466,11.149763596038465,8.97136925778669,6.057434047064395,7.463635663041263,7.692206794950707
29,14.866827425300835,17.464752296388554,15.3887438866841,13.434840824167708,11.512705031395855,15.759367282925421,15.16007028070466,11.143409112693961,11.279974192217667,6.605438467664505,8.210450756926216,7.3067954749840895,8.722809188498568,5.66703150936089,2.6412665987047785,5.344462213401316,6.242061419609383,3.3756476425125213,1.3470473274777188,0.0,1.337881379360902,3.860421611732921,5.959243435224805,2.5855261501584996,4.136480133192345,2.5219870495099053,6.094504170157705,6.4368539785575125,2.4810991300597562,7.56989363823695,9.305528073144977,6.646893052487376,6.11577059973788,11.880728846907882,14.311450561572789,14.628456140396088,10.687460975774764,7.874602722213188,13.46722894782727,12.60318868769381,8.470445113859288,10.213161777136722,13.736617019555164,15.635005882255877,18.682607073675197,17.57933640132773,20.88468784828669,20.382402425420246,12.14818261123365,18.181008259185024,21.2552114790665,16.92546784658723,18.412784092692267,15.943680115464849,16.164959690865466,15.519089559495681,12.449990462297421,10.986316061812355,12.827742817936684,11.363425976624587,7.553299084068803,7.857553175498643,10.836804438655868,7.873748732370786,4.440372728877866,3.825233910326555,4.756057080314566
30,17.55167724049239,19.64758390676063,17.080020243681172,14.19844381547137,11.506477536050822,14.890535402944195,13.327851758939204,8.883242221233072,8.885875196723722,4.026161641322209,7.046713760227545,8.296516335628464,8.410826026261972,4.56528049682006,2.862470245295427,6.706734349871112,8.166988907219979,3.4833878175053923,3.4498365850857278,1.337881379360902,0.0,1.3475130640732726,3.022971775239516,2.2384281613373433,5.442964015709842,5.98410631229076,9.596565985739474,8.896967960619671,5.467607980092778,10.822798671179957,11.694317221788662,7.438039065775123,8.377867836532545,13.371801765261297,16.811660283575133,16.891817428188528,12.487450773045326,11.619982660899995,16.582764148317242,14.825531601060916,11.703851652451267,14.333366342508779,17.130204282217317,19.383194829944436,22.34450617822092,20.90170096287214,24.503167177599806,24.549409067989444,16.639453077478162,22.006379957037588,25.533340474913633,21.7207508797045,23.54550881061961,21.181505047547486,21.518649563584315,20.666056740822224,17.590460520480555,16.31679739190349,17.870525200395,16.048143626000012,12.505840143343754,12.842523147625409,15.160953746438782,11.615508753455563,8.748190998387898,8.261058985390664,10.033870621519316
31,20.06989183395466,22.03300202977385,19.134618019058735,17.108449970682155,12.925813311289517,16.872301517588316,14.399219354270048,10.909977557517255,12.907282738208837,7.0802258463483,11.96720151066735,13.621036223310401,13.646496713774166,9.550137178389145,7.907261505805535,12.199463225639,13.052659361554813,6.696197978292444,6.709712933500576,3.860421611732921,1.3475130640732726,0.0,1.350260197974045,2.760456467788705,5.2832323091140445,6.568921155223749,9.818145720463336,8.48650809921247,9.35459967477634,13.338031000725076,13.066064480200742,8.539105370591379,13.086502130116767,17.78434731159553,21.07681214034756,21.805569228126398,17.446682786296325,15.758950950218484,21.452315943971527,20.1497036803042,16.798416825719432,18.87066743275972,22.210792064152688,24.231609420516904,27.041375916014587,25.388481115223577,28.820170117843663,28.655135895818002,19.918379602099744,25.45478577928376,29.072058994809808,25.15060055106846,25.954289745070643,22.99470421746347,23.35927452462021,23.54578334559747,20.523318184363884,18.012195532998383,20.547238925510893,19.77628373717726,15.48956231081984,14.34211750149062,18.66365671559371,16.059922355131963,12.4531444289688,12.308722675851712,11.831703385993453
32,16.911235090936973,18.652426144305128,15.55733757451436,13.577351833305682,9.023232013634571,13.087270060317525,10.740868844220756,7.671439464801526,10.77766848362903,4.6473341100460415,11.398676064518911,13.555719641392306,14.480532977816946,10.345264940278728,7.768777514707925,13.070702649102962,14.688327260014844,8.718478525053396,8.825954407751421,5.959243435224805,3.022971775239516,1.350260197974045,0.0,1.345541649529234,3.7784007340609924,6.983891561925974,8.985740356088566,5.829374349675525,7.810733035176168,10.993953358999693,9.624193488443387,4.804026189862482,11.22583858646977,15.242302479651483,18.42685072508818,20.003943222028347,16.013742847353424,14.118781771167725,20.00943936382674,19.858806562242425,16.621035931281465,18.309306868392515,21.97754130761348,23.596039589355787,25.659067248149334,23.321056918616176,26.836239575412115,27.204346940056165,18.403774385307,23.212859284166747,27.317135957364155,24.275102618168923,25.09506487687245,22.24859409824675,23.203062957579114,23.284401423543265,19.943828202283118,17.839618551721284,20.99983739893957,20.02020286131029,14.61744885056527,15.639610444022006,19.667576454599924,16.954774627532245,13.453199940141289,12.348370538158793,12.34690323947024
33,13.358971107219391,15.534501392963445,12.733522130534796,10.713889309587849,7.331172109725205,11.699700579509306,10.378494118427918,6.685923710057606,8.355680660625094,2.995165851836127,7.960120788562065,8.721674142249348,10.690882760374741,7.539332088902646,3.1482020508006308,8.649356847119211,10.577977090985446,7.508560790445966,6.998353276084579,2.5855261501584996,2.2384281613373433,2.760456467788705,1.345541649529234,0.0,1.3478759767348987,3.262797213911685,5.906621351138373,4.137980270303118,2.7615845231237395,6.654965338070631,6.868803489002317,2.9979761497288004,6.312233130003855,10.870191635918358,13.995821026719696,15.182250492923531,11.070497725516747,9.056618694719255,14.85989264194956,14.652333960471548,11.259769070425358,13.125599783856925,16.62990806382447,18.331442166965033,20.6026049164517,18.56798671734764,22.057852429452836,22.351107728287285,13.728633378586824,18.81575445763181,22.74169504623481,19.476451713869537,20.677409601526357,18.106122466773517,19.008229052985065,18.59772252703511,15.258585194712808,13.681918160505331,16.501433175170458,15.105731712209383,9.98179820207314,11.58115305141838,15.106787637430104,12.16244257652862,8.94972786494178,7.413034705696857,8.06698113918006
34,12.885736691077751,15.376605239641265,12.87062966571531,11.945505001895931,8.420038835163842,13.392967969847355,11.873790549013467,9.520509874378602,12.11277505771489,6.64205600995374,12.501383417262582,12.015169066376172,14.974748340324538,12.18154280208623,7.200024671039173,11.881707539390392,13.137094807909094,10.878479958310578,9.639934615793834,4.136480133192345,5.442964015709842,5.2832323091140445,3.7784007340609924,1.3478759767348987,0.0,1.3416727581714136,2.771529251436474,2.0394089891050884,2.809427900158708,5.634249446722183,6.466062824550034,4.0146347221613325,8.192049164101029,12.58559396325511,14.776959276541472,16.802916761093474,13.291001821741576,8.941676193773377,15.85279948902518,16.850063829428617,12.922838746104416,13.077922860442072,17.698195243632323,18.616669046376803,20.563572573675383,18.62658170025517,21.778439912863785,21.576886775165512,12.492497163126576,17.87850589360384,21.580988013973418,18.277104292542084,18.831152395812634,15.907769054983357,16.871661930670975,17.210556598261043,13.86820091150585,11.532182584735871,15.114895118485887,14.598330520164428,8.42795510728787,10.52446284550141,14.683924192023994,13.099332382068036,9.747302850945905,7.141123963016394,6.57223622891144
35,11.626000510576539,14.47675729054115,12.892468646847908,12.565472915357898,10.82447460511886,15.766661338308387,15.273917652411008,12.744904881432102,14.05623015090904,9.458351164421309,12.67933142512652,11.184554771344885,14.272974698907946,11.779165896452826,6.986045546552314,10.203661227841181,10.89418871297848,8.742298689779027,7.594282394651983,2.5219870495099053,5.98410631229076,6.568921155223749,6.983891561925974,3.262797213911685,1.3416727581714136,0.0,1.346544457773365,2.9353418852968636,2.53671030615109,4.165894882482822,6.505465342134761,6.458087711491958,7.571660756233881,12.135572950060823,13.265940865209172,15.606319836184424,12.545687514289577,6.703439457560021,13.99489423679302,15.272119268212384,11.128991042318626,10.18408347591873,15.420094672338555,15.75606054622861,17.8564489738958,16.221967710002374,19.22891214549047,18.51790233214255,9.414658527678053,15.270219378563091,18.564595074040977,14.818760483618428,15.333677064202147,12.498426389127014,13.282562996318676,13.45393030392195,10.228997251783962,7.871386197906734,11.13424533204189,10.925703516119116,5.03574777221761,6.405378303054251,10.67393857449307,9.937401423961495,6.619256305968798,3.965523293753482,2.782760210745706
36,9.28171996070239,11.97698867614362,10.274927374336636,10.746226205483547,9.164690577221172,14.167317839628485,14.104445542047243,12.99601515045047,14.654849763734017,10.72294456046025,15.086222767109172,13.33789429785682,17.05851163855148,14.943727597790367,9.631399635294441,13.137480368487823,14.23159518987351,12.779996411502665,11.92363205541946,6.094504170157705,9.596565985739474,9.818145720463336,8.985740356088566,5.906621351138373,2.771529251436474,1.346544457773365,0.0,1.349112518943665,2.9315773641737786,3.452215866002384,4.272795748273761,6.184762487016566,8.224265037560578,11.887807809161716,12.69784003095113,15.528768666988366,13.195547729657612,7.629607818858124,14.659078734783945,16.506915956335522,12.96920824137891,11.313300924684933,16.846812460276475,16.418202361409442,17.87722640713066,15.875911807837626,18.63702482974195,17.940407911449014,9.035892302924589,13.913494545311849,17.315246689512826,14.268301462281036,13.67454153406707,10.234950861335395,11.353974991394997,12.986328589602818,9.812500829516065,6.572569906299761,11.025109264844723,12.002689556098769,4.8523503717983205,8.445660152362056,12.556348920507784,12.358592743340518,9.938339182427708,6.293557047792452,3.2178954261465744
37,8.69845662197495,11.047281895759637,8.390861742314106,7.68371778654335,5.255037027762441,10.200021908343372,9.418843045533213,8.694660754894485,10.444792096355313,6.919126190133225,11.935055518072717,10.963779953226132,14.699829313090216,13.470891136266589,7.573502048507124,12.522715957658878,14.353609727951039,13.175728626802037,12.475813642296114,6.4368539785575125,8.896967960619671,8.48650809921247,5.829374349675525,4.137980270303118,2.0394089891050884,2.9353418852968636,1.349112518943665,0.0,1.3498823704992664,3.077665774298243,2.2788301037284993,2.402759625147152,5.040877133844223,9.002493917189499,11.207804978560006,13.441179115075876,10.542361753958785,7.294056529713524,13.404978454663237,14.912759664163742,12.014098389332556,12.178514164884207,16.55397837768901,17.14622579747502,18.31453899048871,15.655127370084909,18.999747048554816,19.47665308777594,10.653097076766919,14.91627176431076,19.109093775380227,16.818034971221376,17.11000812296261,14.18027552315111,15.729763205279458,16.267003156763916,12.589091719708254,10.536630414124742,14.563532746592307,14.401365979032642,7.170735190677961,11.415145217445948,15.103200573177256,13.601293565461667,11.121470754459002,7.634941655726796,6.576817624131821
38,8.173226640049547,10.728647997360154,8.56200407347381,7.302695783883317,6.760430882101312,11.097768402658028,11.464161798384492,8.754980643338618,8.955742450574052,5.182618380706924,7.471214668377135,5.784841319677282,9.22533586978012,7.939401052387326,2.491409501090627,5.839812933105624,7.584757907921646,7.56673037584618,7.957611760611096,2.4810991300597562,5.467607980092778,9.35459967477634,7.810733035176168,2.7615845231237395,2.809427900158708,2.53671030615109,2.9315773641737786,1.3498823704992664,0.0,1.3477858018444717,2.910603841314573,2.297974086583819,2.323416468551796,6.335815034665284,8.63591773477743,10.5406010287022,7.196758721250767,3.618409520939587,9.817403801031963,10.406687349931824,6.343610844169494,7.330095580811107,11.311962453839019,12.71641287456825,15.070600900079619,13.049543481358452,16.482928321881676,16.67962509434858,8.277146201987222,13.289521223530297,17.20973677581148,13.8521015339648,15.529013417071056,13.353751749634043,14.348892063486058,13.267720277437656,9.93369176706412,9.292912341075779,11.656220406505252,9.64367753202896,4.856797032611408,8.230448595178208,10.439438518325916,7.434275608691391,5.410384345699933,2.5452245713010107,4.785226417373608
39,4.3428231772148,7.009100514763344,5.610228798927463,5.517420132104392,6.383840639446134,10.563434706439049,11.742807298244076,10.473169809693472,10.538224628387685,8.28101572178033,11.476074211029118,8.34237099417805,13.157630725306914,13.250674675510847,7.155663207742675,10.247844821178264,12.892511789261626,13.273577423508996,13.507535767686536,7.56989363823695,10.822798671179957,13.338031000725076,10.993953358999693,6.654965338070631,5.634249446722183,4.165894882482822,3.452215866002384,3.077665774298243,1.3477858018444717,0.0,1.352131408550655,3.079863962040251,2.8987071534828477,5.170437565113212,6.176381923692282,8.782678502710022,6.979172734510662,2.7059575442745065,8.540441694189248,10.527816873089783,7.981769151983934,6.92269749283427,11.76536685312553,11.369647157364753,12.15964158872592,9.787032311046996,12.795901437960673,12.871131443188332,4.294402148698582,8.586039802068333,12.449278869812915,10.539491616603614,11.348521301122886,9.24266724168582,11.476938359586324,11.068499599946147,6.645521187263672,7.083100163009654,10.68156429008319,9.656543440403341,2.611359629622835,9.803878071549688,12.160291743945804,10.201342223705284,10.054948660257132,5.746105353935659,6.134147903394659
40,4.374645582288077,6.268696922823673,3.475555250398461,2.8637102040007973,2.4002091353100106,6.501827697108175,7.545374719686806,7.268518425140723,7.83756378635735,6.675161346495436,11.065150996139556,10.16028557857947,14.176761399857394,13.951036321228198,8.219707822891559,12.766431280936807,15.217917387343794,15.092058873100775,15.207633945258479,9.305528073144977,11.694317221788662,13.066064480200742,9.624193488443387,6.868803489002317,6.466062824550034,6.505465342134761,4.272795748273761,2.2788301037284993,2.910603841314573,1.352131408550655,0.0,1.3508200014056713,3.1045137679120116,5.558784697062233,7.4937399068712915,9.927534623816804,8.130704410816916,5.888586879130642,11.074163133700688,12.985389030648841,10.985898311868565,11.07297614971217,15.154214779902194,15.21990076789512,15.800483415434812,12.269202572319282,15.881857602660075,17.126893537891128,9.257933471823613,11.71307612882228,16.562609539344628,15.587039581537194,16.486396955906198,13.92276513547674,16.394421191448757,16.325569714535177,11.731848217558646,11.830780792955611,15.667575509296999,14.428713266233327,7.438320588678773,13.918995346671915,16.298816357922068,13.866322818753318,12.815388360916609,8.870336494125393,9.42522472674914
41,7.348944381126126,9.155990083423692,6.250736777363465,3.9626365022067827,2.429945512005062,6.04406186007023,5.622978790145228,3.9311707029791556,4.6813215276727265,2.7652155277531465,7.04251952758342,6.989740316894323,10.375178682864567,9.665263046969214,4.453431419870959,10.048834116529358,12.797375288189322,11.49609037242974,11.915611790790766,6.646893052487376,7.438039065775123,8.539105370591379,4.804026189862482,2.9979761497288004,4.0146347221613325,6.458087711491958,6.184762487016566,2.402759625147152,2.297974086583819,3.079863962040251,1.3508200014056713,0.0,1.3475158969336947,4.180650882969513,7.635487996605703,9.129531375205008,5.649237591503933,6.15582042537669,10.346919768900461,11.111375019409254,9.594010574568943,11.593945500653867,14.4729825610389,15.46117958831539,16.466851086509987,12.938328459841344,17.2986955307177,18.676913740087443,10.929475733676467,14.065796580831597,18.796482602925604,17.344729666301202,18.77446013090544,16.71206574058527,18.673234775667023,17.88376003693276,13.872752928513599,13.690109758379375,17.048089679574186,15.294153745431808,9.055417051635995,14.353485980726752,16.726573321540247,13.453155460568208,11.661665099360626,8.290628359171702,10.193022802831695
