,10,11,12,13,14,15,16,17,18,19,20,21,22,23,24,25,26,27,28,29,30,31,32,33,34,35,36,37,38,39,40,41,42,43,44,45,46,47,48,49,50,51,52,53,54,55,56,57,58,59,60,61,62,63,64,65,66,67,68,69,70,71,72,73,74,75,76
10,0.0,1.352605296718816,3.2424739099724347,5.1502797994109475,6.647470052341683,8.776685854433847,10.328032493853403,12.709451013355999,14.213843669911663,16.256217773222488,18.968351092400667,21.23251072175005,23.455789721605946,21.991857442851547,20.768923529972312,24.56699251638196,26.12764076426318,22.70591043105992,24.753670080419422,21.00798770706441,20.006564154732043,20.65433190878384,18.75293637421446,17.462144346578537,17.669808390428663,19.725243564586567,17.799856611438912,14.654433393958191,17.41957500129709,17.02191357264848,13.23657162164648,13.444261611585496,16.856137534190548,17.35476441545036,17.609812453142425,19.807477083558798,20.59415747517343,19.86476336020781,22.322431707018165,24.36502638285494,24.430115666971822,23.783559237340206,27.488583017411415,26.289792470827567,25.69496771482248,19.974366886560574,24.321019857402494,26.6679662493459,21.764172305188154,21.37687530688109,26.157410902785074,26.345628451436227,27.862951206051168,25.633786582473764,28.349223550648798,28.784065137051915,23.259816944624834,25.292388740677403,28.839317927273754,26.97764389735679,21.71833892067316,27.286214699991106,29.914634363312747,27.42083665547899,26.820864752515476,22.904997352309707,22.964266512571616
11,1.352605296718816,0.0,1.3449129759273468,3.665883374519813,6.120403867747638,8.144066991111178,9.861111532952027,12.155755467370044,13.89196941805359,15.573922824146043,18.45710513703016,20.559591305922844,22.860964770803854,21.29853125665686,19.838256608088287,23.71052315601398,25.30268238934349,21.897652299634423,23.74228417171135,19.928213231655775,19.02526773150476,19.553004889759205,17.63339369989602,16.43404881579037,16.518483092517084,18.566718764699388,16.71463378945018,13.55901187915751,16.47556318528577,16.185794022022538,12.366324517589183,12.557890464180483,16.213885412367837,16.989835713138383,17.313553181393278,19.644579658054035,20.20720105882964,19.13532446223669,21.828242157571424,23.858069211006,23.713300519246502,22.915860621581956,26.782651518752886,25.679113198556045,25.206681291024058,19.675531824441787,24.04165778809416,26.204255945270162,20.936288491365044,20.882653257422696,25.611024125794824,25.634538932228867,27.07888895075311,24.79379683909251,27.429183310323126,27.86779207936639,22.465433951284616,24.263496865600896,27.832132188021234,26.06075902110353,20.687382170560056,26.194177862215476,28.875455445055064,26.455469234274275,25.70652261513428,21.929038672323312,21.879176908792132
12,3.2424739099724347,1.3449129759273468,0.0,1.3459292772092295,3.744324547379606,6.233387885071491,8.111307464388403,10.473299910634598,12.142136996221863,14.137050339903565,16.960464716250105,19.382324244163797,21.63425326343534,20.0671444594543,18.75215762754651,22.756070739834037,24.30587592420886,20.873049440919825,22.8924530953463,19.12786468737298,18.00064341740175,18.829547139298015,16.741119956972696,15.38702996884715,15.769818240786405,17.889247969057454,16.13465363502674,12.743665481569584,15.448824284640533,15.252916201705935,11.214381854234551,11.165309658493616,14.873311890909907,15.513551233772697,16.044500974541638,18.385308646575925,18.925732755787422,18.349986233751654,21.004643762533625,22.933954038492505,22.8463500402433,22.40583532849796,26.134648987830765,25.235952258036654,24.815329130441082,18.873039469322347,23.81603789789167,26.062726480913614,20.596926458775815,20.65165808624622,25.68473119779395,25.7578402988465,27.306763173203525,24.972169752543618,27.607369049394062,27.9288909490109,22.410450148294114,24.155119469756965,27.75859840236305,25.84087165495526,20.261038229966733,25.97095262700887,28.588682489677105,25.979817288717992,25.163267029908116,21.240660370573917,21.39132902733385
13,5.1502797994109475,3.665883374519813,1.3459292772092295,0.0,1.3493098067410219,3.376938759759685,5.553739032455216,7.74620284420991,9.616114083052233,11.583520480166078,14.430415366684537,17.14633692098198,19.179892184624062,17.532774261188308,16.373928070610475,20.512312428541335,21.84101166788782,18.326005833714902,20.409160861752326,16.805581348302717,15.44834645154272,16.206185984024817,14.131575136970724,12.95135205472067,13.5879079705411,15.939392295620692,14.30277236092441,10.618443410550347,13.324317707685633,13.397586096451503,9.116802970448637,8.770549736314477,12.707625510250407,13.270537424526871,14.238969235074238,16.550192141537753,16.87099760945299,16.592769197955093,19.37524398028483,21.111468913471207,21.017360871805653,20.782890193964928,24.469723892003735,23.760657713835435,23.452669135930755,17.376783282286762,22.680067835489783,24.86400334232814,19.15619838771307,19.43230158707042,24.52569096587098,24.52975082916571,26.034404293289583,23.586031757775213,26.20462496854237,26.50854957707538,21.028138124292035,22.55694795676294,26.190858936637643,24.37005139678023,18.52316745546642,24.350841335383183,26.914527951317567,24.25974090815742,23.274699721332034,19.47378281592147,19.62706232728477
14,6.647470052341683,6.120403867747638,3.744324547379606,1.3493098067410219,0.0,1.3505089119258271,3.520735005341148,6.103543728353759,7.526486870009054,10.304015444542285,12.712193531183752,15.652811048223125,17.807678194118612,16.357890530108023,15.529481153467245,19.575295103331097,21.010033592482547,17.50276605168388,20.06348331401817,16.568088195308462,15.137871846389563,16.75656022992083,14.301153011066015,12.634814408234048,13.788455574190424,16.146758646832573,14.656180134456953,10.74504578041039,12.829045969604513,12.8665677377741,8.611015799586662,7.824175046650865,11.52334167542098,11.502830283441654,12.829683809259981,14.755162112429254,15.196530729313173,15.659558618720522,18.217437443052205,19.77898015409105,19.953362574856598,20.285997179113128,23.544386739641606,23.022948308080654,22.799029864594672,16.183134381216412,22.239172593828066,24.54287524917426,19.077843223675657,19.296621099372572,24.594467353577514,24.7611119552307,26.549726046796497,24.305554851659252,26.9154277907137,26.83265915250071,21.392999229619228,23.079890598717878,26.573988779429715,24.26778364377848,18.651093089858197,24.630561411720702,26.92744514608324,23.843629424029793,22.946219988906364,18.968406290451703,19.73226258749521
15,8.776685854433847,8.144066991111178,6.233387885071491,3.376938759759685,1.3505089119258271,0.0,1.348815117204169,3.5401225501488183,5.718091440494701,8.18209671887803,10.899271437070029,14.151416374347031,16.29803376424092,14.428351811238798,13.500992948134886,17.825279108460578,19.170723133832617,15.478621486086334,17.96981667217407,14.461985680341535,13.025494959499875,14.919284237951922,12.443109205223891,10.404967834709481,12.000244010752656,14.449223695218839,13.132740900747283,9.172121872626835,10.818957242713486,11.231195080673041,6.915515758653668,5.605383753821025,9.740755773353124,10.276856128390772,12.077041794408888,14.259746056937889,14.199195176834518,14.539215064944418,17.386632768386548,19.02848070404548,18.760214006433653,19.31982429367516,22.665040283886317,22.438546400071733,22.453481318357273,15.92597206065876,22.25652611184994,24.361480048354988,18.19451105661227,19.00525504898514,24.352908765307415,24.292766700484425,25.904270212211944,23.596938637545758,26.113163550408206,25.916161491535146,20.695510425667493,21.894375101311443,25.464050296991438,23.358123155107066,17.291500579371757,23.35145036084011,25.667377364837876,22.577928237398645,21.322362839578727,17.5047733992901,18.224634555530546
16,10.328032493853403,9.861111532952027,8.111307464388403,5.553739032455216,3.520735005341148,1.348815117204169,0.0,1.3501115375202397,3.2820905813531525,6.4252741586616215,8.73542682415067,11.965671700066379,14.24499430881192,12.755938107885381,12.125107810014898,16.089188215868365,17.57286439506157,13.969203078002636,16.912925626309843,13.543793984449508,12.126991751224926,14.64065506946361,12.205227531721954,9.79369721142891,11.703006719673034,13.813671206864624,12.521635043238264,8.712986177557049,9.620597665323665,9.4723031776092,5.663295273898421,4.775398558905988,7.645304506144538,7.446098153346759,9.162350092312026,11.37637033911947,11.61143329410698,12.174208465599454,14.751282551756466,16.487676164106542,16.58783309418312,17.176724256423963,20.32906205138005,19.934840239711182,19.84167646051104,13.054144632620003,19.630034739058527,21.843226350431557,16.14634080404266,16.56706255524419,22.043437430033368,22.282591524972183,24.153558286532107,22.080756842152727,24.7295685651225,24.222505534096786,18.88808867506912,20.62874451388195,24.036210674413482,21.477229391129143,15.85049547553479,22.106378765423365,24.214185805603584,20.894431862761774,19.993619787957584,15.885094120913388,17.14310359703375
17,12.709451013355999,12.155755467370044,10.473299910634598,7.74620284420991,6.103543728353759,3.5401225501488183,1.3501115375202397,0.0,1.347499760088665,3.591645833453556,6.329454722542345,10.093413015882904,12.255672222863192,9.648532734272907,8.949629810475278,13.299215622574163,14.527182334143394,10.467494048681235,13.035109969657313,9.926964903127205,8.110215533243371,11.077092057577605,8.966275760699368,6.056401218741989,9.031538194138989,11.457488875557408,11.271102032430067,7.2600669035956935,7.119662034215575,8.569233197838267,5.346395140816818,2.8897367453709237,5.8754166652374336,7.007115869324098,9.632126195747508,11.91043091254492,10.8815240031454,11.355769825912077,14.460178200402174,16.021596721028374,15.19435574018319,16.47984115496306,19.554118608615884,19.939461505364157,20.400261276233927,14.27743532517965,20.895928644979723,22.74736028460496,16.134968310353106,17.83755136084204,23.07885606364111,22.49825274399448,24.313068749891457,22.261180741559745,24.419887557219397,23.664814566577938,19.12721198636079,19.756114604115705,22.962054630569195,20.642152449903516,14.913245665854374,20.31869806605953,22.491183975405075,19.10745590974848,17.439855199862194,13.842102788198826,15.11149970124281
18,14.213843669911663,13.89196941805359,12.142136996221863,9.616114083052233,7.526486870009054,5.718091440494701,3.2820905813531525,1.347499760088665,0.0,1.3491626683757196,3.142184163312363,6.33737679624897,8.585734886483703,7.3774118362418655,7.578768626795056,11.041226989217014,12.422786971682147,9.252581918133169,12.801093942688123,10.070982810395524,8.884289728623441,13.117565865389397,11.846125993152011,7.829996194514442,10.976514023496938,12.167717541338048,11.94142808745082,8.083588973289395,6.920491269929933,7.540996919687257,4.909455601601152,2.598160482342188,3.9835991533583988,2.7252287518510623,5.945589499665749,7.571857455956588,6.474389619931379,8.384838896381854,10.898500728864867,11.911152431467583,12.043520195804293,13.824242879777836,16.232958980353793,16.72025422657892,17.074522127391997,10.580077799656038,17.934662576905833,19.90452937522767,14.551559619165815,15.77205212371873,20.98684037522761,20.72307633577473,23.142250055334777,21.518834987983162,23.677823818130356,22.309347383034396,17.927579554483373,19.18046243308335,21.932752821982557,18.74441062959412,14.095690715990317,19.416764682424283,21.02002631793658,17.023635416045728,16.22177315617076,12.110430321995073,14.720313638006095
19,16.256217773222488,15.573922824146043,14.137050339903565,11.583520480166078,10.304015444542285,8.18209671887803,6.4252741586616215,3.591645833453556,1.3491626683757196,0.0,1.3377632965942667,3.6419720084105256,5.93716650650222,3.212605415536176,2.5409269671832084,6.029935657245927,7.018714759435753,4.215072537501482,5.929035272212436,4.375466678669977,3.0509576011477115,7.38749813138132,7.307129777880285,3.6088652581278198,7.710099715813285,8.794228489236964,10.176928688572856,6.8465206587894585,3.9094452772466877,6.953988310039905,6.002872206936088,2.097885798799194,2.527145378887104,3.3823517774549754,7.572501751699539,8.8784872887374,5.707327620126787,7.378902294637074,10.44234832648261,10.746902872773338,9.550007878654872,12.133585772430266,14.53074062565571,15.952562426282102,17.138070878246147,12.352085869618818,18.918783041205696,20.272663447740552,13.96740550041305,16.89948862403829,21.455362025422602,19.778557143366637,22.169307227283547,20.411602845229247,21.757282231496852,20.409840443520526,16.863506538731095,16.924084912697523,19.09858382043125,16.43463600707513,12.046111853796177,15.753214967718607,17.264742501900113,13.429998586024501,11.605646060191592,8.655353658331366,11.058157435982395
20,18.968351092400667,18.45710513703016,16.960464716250105,14.430415366684537,12.712193531183752,10.899271437070029,8.73542682415067,6.329454722542345,3.142184163312363,1.3377632965942667,0.0,1.3486982245007706,3.0618140975281536,2.2972305046262114,2.4203181690704842,4.796841001133969,6.384199795573572,5.621835755826407,9.62963215397788,7.8079669195495764,7.707383180613358,12.602646824250614,12.838437815507694,8.68766161150517,12.44162128463361,12.253314345227183,14.088202016900276,11.104924029726684,7.019443050074792,9.844477020279683,9.649952001824229,5.703146493226267,4.017917050297128,4.1020434264453485,8.308435846626248,8.527578744608379,4.819969040573764,7.7841228661864275,10.484199962575488,9.610889801744369,8.676745739090881,11.920033965780602,13.954720038334182,15.762225434255264,17.12095089699473,12.605769492797288,19.38422991026175,20.66163593163165,15.55724289108285,18.291956085708378,22.487978406116515,20.65757806983572,23.71539674746485,22.370269907294162,23.2312608403067,21.344322930458965,18.238895605669715,18.55342991030996,19.774173451194468,16.750681956371817,13.639146611277548,16.640236830183905,17.24553310234985,12.998656191944773,11.983371224521578,8.882242424169444,12.55597189629627
21,21.23251072175005,20.559591305922844,19.382324244163797,17.14633692098198,15.652811048223125,14.151416374347031,11.965671700066379,10.093413015882904,6.33737679624897,3.6419720084105256,1.3486982245007706,0.0,1.3509605081070477,3.1324288972744183,2.432013456476665,2.154526469198618,4.413915715065628,6.363969791068122,9.535770241027379,7.830404482313254,9.422575630799189,14.470281660063975,14.92415618467097,10.126966346305501,12.296202940569293,11.04495401208346,12.747620150927714,11.041546889689918,6.289299314444224,7.590991975584763,9.918044966334422,7.120113061885637,2.5310775141363946,4.04434764130912,6.971784530034523,5.957926724651321,2.381400427342253,3.6114458376452405,6.0813013048132545,4.145784725516489,2.6722857433322575,5.933387153411678,7.734560220589448,9.882155970199673,12.169105933636072,9.982884208551766,15.241715287112747,15.590608680559509,11.16660563829377,14.719008899848179,17.92927032462864,15.306715558083667,18.86006659996586,17.904856953108283,18.368168626122227,16.027317538370735,13.342571087430478,14.011148513728662,14.436917253038201,11.053172255827697,9.055183437192682,11.940330785177709,11.722521023419612,7.210569972103154,7.945180323903227,3.941584882792661,8.95232797288303
22,23.455789721605946,22.860964770803854,21.63425326343534,19.179892184624062,17.807678194118612,16.29803376424092,14.24499430881192,12.255672222863192,8.585734886483703,5.93716650650222,3.0618140975281536,1.3509605081070477,0.0,1.3507797971492483,3.2186769396312274,2.8562957454597124,2.4299985633890997,4.732255706439182,8.630335032421176,9.085973183552088,9.680803368701321,14.850091325571123,16.05571080742542,12.24398026879425,15.3834450625127,14.453511426713925,16.636418956114102,14.436111302301988,9.441848403935813,12.022516001399499,13.270661649921356,9.79945265469295,6.075143447694772,6.8087010844670175,10.669752406112456,9.642392605477866,5.3269747242250585,8.571258199660951,10.960332605527114,8.029500587564408,7.710945830203138,11.350841900228032,12.82212600233488,15.175770026248765,17.212591034708183,14.070366723172718,20.228218518737684,20.926180670957134,16.606698344043373,19.79574848531295,23.339486477749688,20.903423064775982,24.39000473574498,23.281874613669352,23.68132719474626,21.484731001223796,18.76490404606132,19.114331116000955,19.419254856136796,16.300935809159842,14.239099977043338,16.276142791260458,15.8102595814904,11.498279509112159,11.267024089091692,8.757778909089962,13.09109094356051
23,21.991857442851547,21.29853125665686,20.0671444594543,17.532774261188308,16.357890530108023,14.428351811238798,12.755938107885381,9.648532734272907,7.3774118362418655,3.212605415536176,2.2972305046262114,3.1324288972744183,1.3507797971492483,0.0,1.3510309145583166,3.203882854774445,2.589351926315822,1.8351784918056238,5.595033088331175,5.982496910882004,5.725456998680424,10.670880986403878,11.843148859065735,8.849423223770088,13.005375685015782,12.452850273214956,15.178176910628798,13.067215454312676,7.768347444843173,12.154675051341627,12.810971671887586,8.838043601126897,6.657098101653319,8.270601639771572,12.350185804502114,12.035167537894706,7.69420322982303,10.565689191122797,13.2315524320855,10.902302401376025,9.889647350148481,13.478781759952117,15.233081408674993,17.51797917020409,19.64230384411782,16.272815736733502,22.459928882782993,23.142741026208693,17.780632016047985,21.481189806859984,25.173178189807977,22.468777505555977,25.427593438440375,23.818370229477825,24.160313665595698,22.48799857726198,19.566629940242223,19.27910184481943,20.054193440537084,17.406219001373145,14.650611710169148,16.18505905077708,16.77672379478734,12.77869000678577,11.152594124119682,9.491964087550409,12.45517559627508
24,20.768923529972312,19.838256608088287,18.75215762754651,16.373928070610475,15.529481153467245,13.500992948134886,12.125107810014898,8.949629810475278,7.578768626795056,2.5409269671832084,2.4203181690704842,2.432013456476665,3.2186769396312274,1.3510309145583166,0.0,1.3462412320008041,3.092871642605839,3.155732009306216,4.756848841931032,2.7715235825419975,4.525448128491018,9.20887083957106,9.916521261367773,5.518454292149163,8.024295761631024,6.930906191683097,9.532821031796228,8.19808366547772,2.5487341568391546,6.463840091551893,8.414185576321882,5.783619383284879,2.4545261183309663,6.647758216415091,9.772373155800498,10.645935787001536,6.814949178374567,6.213628714415747,10.12483584791867,9.806655959756181,6.617103224911358,9.176756723160407,11.931540726781789,13.808654121366576,16.214611423245522,13.475420363085597,18.550626380860873,18.71507057171294,11.768616205993105,16.55203706386475,19.994072065560413,16.788697184908575,19.223251724352988,17.414091860343273,17.984469632802327,16.557194152986234,13.414683631040937,13.12290655539533,14.556537877953055,12.06737045991044,8.534132071948235,11.0073495182424,12.324756691563971,8.605212779967845,6.667782023168274,4.178403369623507,6.8263220090641745
25,24.56699251638196,23.71052315601398,22.756070739834037,20.512312428541335,19.575295103331097,17.825279108460578,16.089188215868365,13.299215622574163,11.041226989217014,6.029935657245927,4.796841001133969,2.154526469198618,2.8562957454597124,3.203882854774445,1.3462412320008041,0.0,1.3482050997532375,3.2722111846192043,6.057930842344476,6.275228959080685,8.226019783898227,13.045678591321137,14.35328166997286,10.510825167972845,12.94002088135171,11.210810609608963,13.928519297921573,13.193141790546594,6.971037366554238,10.625035606480507,13.181524706134347,10.634872685948755,5.970230274673094,9.343597857667548,11.712353245843317,10.448291001764908,6.8366106569950755,7.50218542629725,9.902048476617463,6.930598277698831,4.837361830814756,8.093044658263858,9.438212098139442,12.269970033248603,15.445839992011473,14.388876420665097,18.918626571118747,18.281683247866997,13.44713273471646,18.2434690558673,20.790886853257593,16.946236891527036,20.28104572561014,19.029229482917213,18.75667654205081,16.69449555738492,14.267244960369101,14.060492170592019,13.963135885346638,11.150316659743616,9.321355576440322,10.588704846621427,10.173351336318266,6.099272436857241,5.746165355244404,4.386324979739562,8.128564143047482
26,26.12764076426318,25.30268238934349,24.30587592420886,21.84101166788782,21.010033592482547,19.170723133832617,17.57286439506157,14.527182334143394,12.422786971682147,7.018714759435753,6.384199795573572,4.413915715065628,2.4299985633890997,2.589351926315822,3.092871642605839,1.3482050997532375,0.0,1.3485563910624032,4.20100005708049,7.230006414865199,8.215821235471886,12.74604791513627,14.522342154862171,11.826294205566382,15.093174760037618,13.68800287754065,16.72219624820113,15.68093651382865,9.49412849795031,13.987774092876126,15.952958819442626,12.657016293390003,8.840035053484272,11.935631327651878,15.452533699552877,14.825413399896995,10.557324687196445,12.18701062264753,15.063055553591134,12.110045320595942,10.436656598759093,13.924785724698356,15.323720427225792,18.149367579217838,21.06820530109481,18.94919978847667,24.215003924189094,24.07029053200328,18.525250076243932,23.15898200287056,26.233873627196797,22.645552856281626,25.619215466337455,24.0175776761816,23.879376781877927,22.17324123572314,19.519339897159494,18.967922948874197,19.170315183876788,16.68810528914376,14.327958598326497,15.13300764042817,15.186561386820093,11.49553927523308,10.078295878584699,9.291567619495554,12.16585079492028
27,22.70591043105992,21.897652299634423,20.873049440919825,18.326005833714902,17.50276605168388,15.478621486086334,13.969203078002636,10.467494048681235,9.252581918133169,4.215072537501482,5.621835755826407,6.363969791068122,4.732255706439182,1.8351784918056238,3.155732009306216,3.2722111846192043,1.3485563910624032,0.0,1.343898379825755,3.681854444638686,4.105475737530033,7.919777228393339,9.555137031492658,8.103420059494141,12.101846686150164,10.858099884006425,14.303891969996513,13.59999924115508,7.85661649123703,13.358933703764528,14.663131173755739,10.55581118440616,9.312105606247528,12.130414195521533,16.19891434600509,16.38423047154786,12.29159820196802,13.318775965362967,16.748543676141875,14.461371683430972,12.200545213197122,15.43217262965248,17.294959830241837,19.908968918855628,22.79758783211257,20.15575265857926,25.597445632916447,25.466513296467127,18.692148461841256,23.808081991308242,27.06480461995831,23.24396664310796,25.50798965296295,23.39448464222719,23.33748932005171,22.26680684134253,19.40268395409267,18.24042952595658,19.162464803714503,17.16867351571472,14.114856935195498,14.568814160901127,15.868820191953034,12.432487088365583,9.976919525443188,9.557463228324854,10.904274258423383
28,24.753670080419422,23.74228417171135,22.8924530953463,20.409160861752326,20.06348331401817,17.96981667217407,16.912925626309843,13.035109969657313,12.801093942688123,5.929035272212436,9.62963215397788,9.535770241027379,8.630335032421176,5.595033088331175,4.756848841931032,6.057930842344476,4.20100005708049,1.343898379825755,0.0,1.3489549317179204,3.2550010046672546,6.455087277187733,8.43271109876607,7.31519060042411,10.714974594440312,9.307181209185675,13.10741532520675,12.980014894702073,7.6058317581202886,13.296431588431767,14.966970019656092,11.300449943100283,10.494835977265407,14.489936419237186,18.141084289536867,19.01055609230949,14.987213060088086,14.309868080731512,18.55405622090573,17.33753284716385,14.032565876627048,16.4521552568069,19.03795007593062,21.35396364136892,24.27694879572605,21.911470369932424,26.75801144940972,26.307876279207377,18.767452863210718,24.342118008003233,27.49385940983204,23.338716046913873,25.133197650164668,22.754037513888303,22.53557863913507,21.91787605755416,19.090847862439297,17.37913598594181,18.57226803483421,17.120054726916933,13.755492295892884,13.496353901837733,15.594913224354814,12.876202731653525,9.824828156541871,9.8020821076421,9.906124344412973
29,21.00798770706441,19.928213231655775,19.12786468737298,16.805581348302717,16.568088195308462,14.461985680341535,13.543793984449508,9.926964903127205,10.070982810395524,4.375466678669977,7.8079669195495764,7.830404482313254,9.085973183552088,5.982496910882004,2.7715235825419975,6.275228959080685,7.230006414865199,3.681854444638686,1.3489549317179204,0.0,1.3422299393228363,3.739614049252516,5.613550303590817,3.1053168984299737,4.985675364559491,3.600733268492268,7.055172246416225,7.195342470087428,2.6531395907008783,7.86563746958186,9.638513889673746,6.76251145406511,6.607935770497163,11.002005393025913,14.268640857001373,15.850694788044091,12.212404370866123,10.115145368786322,15.127402756576085,15.273540907175578,11.560864050944007,13.020001875542398,16.6485743684569,18.206405428988287,20.64604550258539,17.935512084235114,22.595443000339625,22.276864336156727,13.955576514249477,19.51950231740326,22.905893197183364,19.126753036482175,20.396433858737804,17.789045289834192,18.144980290504268,17.892271001767924,14.715137444926985,12.90521507424086,15.262596440373425,14.04307019832807,9.659702500109692,10.600157696423095,13.553913843448123,11.157711510337984,7.778119631574652,6.437091886041679,6.129105166335096
30,20.006564154732043,19.02526773150476,18.00064341740175,15.44834645154272,15.137871846389563,13.025494959499875,12.126991751224926,8.110215533243371,8.884289728623441,3.0509576011477115,7.707383180613358,9.422575630799189,9.680803368701321,5.725456998680424,4.525448128491018,8.226019783898227,8.215821235471886,4.105475737530033,3.2550010046672546,1.3422299393228363,0.0,1.3500837422949559,2.989582032470914,2.3269318775817753,5.856802001396096,6.261196738997104,9.670344819087823,8.781959601725342,5.033909123319639,10.401659108811732,11.32027651559318,6.8961334467652895,8.464187204030342,11.950674539300282,15.781380190899036,17.379724383286618,13.7803314711139,13.17781628202895,17.57022476860009,17.54334563216474,14.56125512497677,16.61403861493878,19.80529244908011,21.503888664931893,23.59404054456182,20.033488226908496,25.376317701768034,25.6503526086752,17.527674710955598,22.393582294322336,26.2598264951194,23.090801665700063,24.435022217388692,21.78923019003355,22.37431162428954,22.24425447677357,18.960172403597788,17.200805099339192,19.80984698692526,18.416370318331726,13.793373796661577,15.145787201434405,18.092830207746008,15.218436252015177,12.083138875579301,10.558980852517198,10.569672777019742
31,20.65433190878384,19.553004889759205,18.829547139298015,16.206185984024817,16.75656022992083,14.919284237951922,14.64065506946361,11.077092057577605,13.117565865389397,7.38749813138132,12.602646824250614,14.470281660063975,14.850091325571123,10.670880986403878,9.20887083957106,13.045678591321137,12.74604791513627,7.919777228393339,6.455087277187733,3.739614049252516,1.3500837422949559,0.0,1.3508462070144682,2.8087530872882662,5.5433870426434835,6.359061361425983,9.799510886602961,8.997953974891937,8.370340038301114,12.755901308430998,13.091444212391892,8.853426345127778,12.902803046387596,16.50170376499749,19.973679173951403,21.964887996727153,18.62971105308156,16.868502614376442,21.95004164957446,22.32193925734827,18.981833826765374,20.149013207685133,24.030524317146426,25.315832204354745,27.33702777717556,23.939914135911973,28.7530522029644,28.6159139761344,19.903127043857772,24.882981010847498,28.64609604492542,25.347296524576418,25.79455357281988,22.667438614099694,23.1793497903876,24.01217255398735,20.81162456501139,18.132634117256544,21.325079997404377,20.941384410190018,15.756296049886544,16.207516145839733,20.26828915499959,18.490272863568748,14.9302247241286,13.588005560168956,12.103962318467746
32,18.75293637421446,17.63339369989602,16.741119956972696,14.131575136970724,14.301153011066015,12.443109205223891,12.205227531721954,8.966275760699368,11.846125993152011,7.307129777880285,12.838437815507694,14.92415618467097,16.05571080742542,11.843148859065735,9.916521261367773,14.35328166997286,14.522342154862171,9.555137031492658,8.43271109876607,5.613550303590817,2.989582032470914,1.3508462070144682,0.0,1.3486868714130669,3.7391118900290263,6.5714972120778015,8.869814972440754,6.358376378252034,7.6092535799369925,11.172725183184856,10.550885224134927,6.036023318960162,12.000887576241164,15.533608026271844,18.563163923801913,20.95055314375878,18.29979817343022,16.241168876085336,21.223176674156864,22.342536212648017,19.229122932054047,19.889076234730414,24.084964205881164,24.95646172859267,26.397287479584886,22.478277181932253,27.334814350905294,27.619975133815995,18.91606732103706,23.192840953172624,27.334916696981512,24.75075086611653,25.14985325970426,21.98737882850598,23.108642623861208,23.96379446913105,20.37960161536495,18.16498793493931,21.805705447230096,21.386341821786488,15.240794948775086,17.496054518005423,21.35105000356664,19.510359447046213,16.12396772658406,14.062905369570124,12.764422743289787
33,17.462144346578537,16.43404881579037,15.38702996884715,12.95135205472067,12.634814408234048,10.404967834709481,9.79369721142891,6.056401218741989,7.829996194514442,3.6088652581278198,8.68766161150517,10.126966346305501,12.24398026879425,8.849423223770088,5.518454292149163,10.510825167972845,11.826294205566382,8.103420059494141,7.31519060042411,3.1053168984299737,2.3269318775817753,2.8087530872882662,1.3486868714130669,0.0,1.350322816337251,3.172793733015511,5.852258581377001,4.010165634708959,2.795189803720247,6.663287800443587,7.0535310926795285,3.000965843666081,7.024447014071819,10.67313702518472,13.820582735377956,16.050162266370684,13.283044006739027,11.399258820168635,16.218587156581222,17.279961951191453,14.276507614069226,15.10777673387694,19.126721225691742,20.10955259910403,21.617405008258675,17.787069521122973,22.780047445659108,23.10907577030178,14.516805172643908,19.01206604941059,23.114233137510745,20.449097632258926,21.27375128332217,18.46040494491773,19.512218642391005,19.82386917848782,16.232290283223865,14.448741590955066,17.792077000035277,16.984583040443923,11.01893401290932,13.811245772369185,17.235213840984606,15.159330396914083,12.134243214248677,9.70108205630101,8.933344991065258
34,17.669808390428663,16.518483092517084,15.769818240786405,13.5879079705411,13.788455574190424,12.000244010752656,11.703006719673034,9.031538194138989,10.976514023496938,7.710099715813285,12.44162128463361,12.296202940569293,15.3834450625127,13.005375685015782,8.024295761631024,12.94002088135171,15.093174760037618,12.101846686150164,10.714974594440312,4.985675364559491,5.856802001396096,5.5433870426434835,3.7391118900290263,1.350322816337251,0.0,1.3428895139589543,2.6995123419678637,2.105818791623083,2.6530750379816617,5.41883233826067,6.356431137506914,4.311641046843617,8.214515119763682,12.512256016164246,14.514907278668987,17.198258897018135,14.954457030573888,10.830436138232981,16.56724711700857,18.18457814544018,14.813033906524975,14.273673828856008,19.126848821774146,19.448158121278137,20.883046508958948,17.665757090284217,21.87742099843505,21.722861736003498,12.882426874730532,17.600011470634403,21.39914558476573,18.551483258052926,18.866110169973023,15.664704102431694,16.919607336072104,17.815735187520552,14.189285937409297,12.097141555189346,15.92115440851937,15.7177922171949,9.134074374976935,12.544974310799143,16.188365813200804,14.908795392679064,12.206642956330684,9.18943434172859,7.5141224461491785
35,19.725243564586567,18.566718764699388,17.889247969057454,15.939392295620692,16.146758646832573,14.449223695218839,13.813671206864624,11.457488875557408,12.167717541338048,8.794228489236964,12.253314345227183,11.04495401208346,14.453511426713925,12.452850273214956,6.930906191683097,11.210810609608963,13.68800287754065,10.858099884006425,9.307181209185675,3.600733268492268,6.261196738997104,6.359061361425983,6.5714972120778015,3.172793733015511,1.3428895139589543,0.0,1.3470124906693624,3.044040567387533,2.500342167612994,3.9359123112755,6.25150388514413,6.298986467346746,7.393177167084234,12.04581810199698,13.245244336098818,15.9812791081454,13.856948622257791,8.356079244538707,14.612122169207796,16.221315384167845,12.634907894998337,11.331927410870502,16.558329930633526,16.571590047255786,18.28992611767767,15.724150595510455,19.54225523213346,18.92025334426109,10.010683267824179,15.38163629226878,18.805225453901034,15.459383344612704,15.841548715842293,12.885199516013188,13.693125214369129,14.319611009791268,10.922814169610927,8.626605051868617,12.139205126874838,12.080490079088253,5.944513857712972,8.547819159320778,12.281935235288474,11.611116041665303,9.025168943790252,6.1626004954706035,4.004384670986937
36,17.799856611438912,16.71463378945018,16.13465363502674,14.30277236092441,14.656180134456953,13.132740900747283,12.521635043238264,11.271102032430067,11.94142808745082,10.176928688572856,14.088202016900276,12.747620150927714,16.636418956114102,15.178176910628798,9.532821031796228,13.928519297921573,16.72219624820113,14.303891969996513,13.10741532520675,7.055172246416225,9.670344819087823,9.799510886602961,8.869814972440754,5.852258581377001,2.6995123419678637,1.3470124906693624,0.0,1.3520494720440719,3.001410527400782,3.327087207583146,4.044940043872374,5.768316633125783,7.809707515937854,11.99701550459899,12.365151861759633,15.574453532585604,14.436235172843816,8.511566548811487,14.658738979657786,16.78698392177595,13.826043443923059,11.578161666844316,17.185310050432438,16.264010204951912,17.33252983575844,14.473129449803865,17.820641902838304,17.33192940160371,8.895810287498014,12.976677134065739,16.51046517924504,13.799758269357245,13.551965192773276,10.149102813687326,11.66807542072048,13.225400827499124,9.420113175594059,7.4258546654337385,11.701394213742171,12.355496663998796,5.373819935446649,9.63054865151922,13.385116203699063,13.128485176290996,11.439838193348368,7.947457278770271,4.8930788985738305
37,14.654433393958191,13.55901187915751,12.743665481569584,10.618443410550347,10.74504578041039,9.172121872626835,8.712986177557049,7.2600669035956935,8.083588973289395,6.8465206587894585,11.104924029726684,11.041546889689918,14.436111302301988,13.067215454312676,8.19808366547772,13.193141790546594,15.68093651382865,13.59999924115508,12.980014894702073,7.195342470087428,8.781959601725342,8.997953974891937,6.358376378252034,4.010165634708959,2.105818791623083,3.044040567387533,1.3520494720440719,0.0,1.3484576168168922,3.0653591384389753,2.319864554611776,2.3848132001519247,4.992294461231299,9.145528046965051,10.645350917280876,13.565973048136588,12.203999234768553,8.79329245430262,13.651192830400094,15.708846466735581,13.292134086624012,12.575693338777095,17.30907410339434,17.311651772940042,18.065227518450758,14.022459416996144,18.566313685574933,19.052638389840375,10.537511552125261,14.201661766390599,18.418965759763626,16.398307219144346,16.731282370248394,13.692518563739682,15.573829700594983,16.353235922949242,12.109812035965128,10.911869572779167,15.021535368327479,14.818427950436108,7.449112061252578,12.800339176571393,16.035649965244662,14.65798783749227,12.806603818791668,9.098802978072404,7.358815908198778
38,17.41957500129709,16.47556318528577,15.448824284640533,13.324317707685633,12.829045969604513,10.818957242713486,9.620597665323665,7.119662034215575,6.920491269929933,3.9094452772466877,7.019443050074792,6.289299314444224,9.441848403935813,7.768347444843173,2.5487341568391546,6.971037366554238,9.49412849795031,7.85661649123703,7.6058317581202886,2.6531395907008783,5.033909123319639,8.370340038301114,7.6092535799369925,2.795189803720247,2.6530750379816617,2.500342167612994,3.001410527400782,1.3484576168168922,0.0,1.3502344507649247,3.0021800707623774,2.3741795518545437,2.284533649886695,6.42762097708969,8.45003048629898,10.966039816192373,8.870392250950585,5.802882298772199,10.653128283295404,12.20212896118201,8.996604277383485,9.482102527653122,13.59747558902919,14.442216232546974,15.891739660372256,12.068525783509868,17.045966027416405,17.54750294757291,9.240263953451384,13.628215784236254,17.763796858144293,15.185519113350239,16.540037632168644,14.127031631263526,15.303655297806367,14.821601959536476,11.22334065767298,10.296077767131179,13.06398289969283,11.58984930568373,6.075907815509797,9.69425235339404,12.171397866373283,9.774103366598624,7.243571129993792,4.3703852395429355,4.768026226218067
39,17.02191357264848,16.185794022022538,15.252916201705935,13.397586096451503,12.8665677377741,11.231195080673041,9.4723031776092,8.569233197838267,7.540996919687257,6.953988310039905,9.844477020279683,7.590991975584763,12.022516001399499,12.154675051341627,6.463840091551893,10.625035606480507,13.987774092876126,13.358933703764528,13.296431588431767,7.86563746958186,10.401659108811732,12.755901308430998,11.172725183184856,6.663287800443587,5.41883233826067,3.9359123112755,3.327087207583146,3.0653591384389753,1.3502344507649247,0.0,1.3520357577545756,3.1049402471074945,2.670831929213469,5.775484322075141,5.824048820812921,8.939125733152522,8.350244088359876,3.1675148743392443,8.553140091164389,10.817630699841766,8.469505832729793,6.54176284110329,11.765444238539049,11.032102207365325,11.797796999907279,8.613458118047168,12.548266019388162,12.440760362039548,3.8563502429634497,8.261908957565804,12.06605160803856,10.07676979844491,11.138135171608942,9.152205094551114,11.235450490965192,10.699455689599038,6.162135231565189,6.981479246284668,10.301064152902233,9.043745748566252,2.194228007341921,9.34336957470804,11.677925794321116,9.9122384181809,9.959567428022297,5.486280716210478,5.453049280643461
40,13.23657162164648,12.366324517589183,11.214381854234551,9.116802970448637,8.611015799586662,6.915515758653668,5.663295273898421,5.346395140816818,4.909455601601152,6.002872206936088,9.649952001824229,9.918044966334422,13.270661649921356,12.810971671887586,8.414185576321882,13.181524706134347,15.952958819442626,14.663131173755739,14.966970019656092,9.638513889673746,11.32027651559318,13.091444212391892,10.550885224134927,7.0535310926795285,6.356431137506914,6.25150388514413,4.044940043872374,2.319864554611776,3.0021800707623774,1.3520357577545756,0.0,1.3488604508270652,3.0782941920597766,5.827999351217578,6.387106235111598,9.52540944174865,9.478783278267716,6.6408671753051625,10.640784751174701,13.020750678304795,11.561798837427979,10.478212831062956,15.094432458287566,14.556874644719395,14.684700327655102,9.950668977555434,14.639930998034103,15.902534172780442,8.418036931447848,10.360944303242233,15.22300676888486,14.511379370170546,15.628814067580445,13.216354389944431,15.790031164875522,15.790090714558891,10.574684714115621,11.741381942689506,15.427990122448449,13.84516159014743,7.14769487023696,13.929281195343798,16.28682867505856,13.975061567042944,13.32401255440488,9.003745929823788,9.037450032008818
41,13.444261611585496,12.557890464180483,11.165309658493616,8.770549736314477,7.824175046650865,5.605383753821025,4.775398558905988,2.8897367453709237,2.598160482342188,2.097885798799194,5.703146493226267,7.120113061885637,9.79945265469295,8.838043601126897,5.783619383284879,10.634872685948755,12.657016293390003,10.55581118440616,11.300449943100283,6.76251145406511,6.8961334467652895,8.853426345127778,6.036023318960162,3.000965843666081,4.311641046843617,6.298986467346746,5.768316633125783,2.3848132001519247,2.3741795518545437,3.1049402471074945,1.3488604508270652,0.0,1.3478296482677052,3.9043658363428793,6.734495304398312,9.03660438962338,7.45321369049589,7.042485071010162,10.598425736485133,12.295265027107114,11.028628181793596,11.778935946773998,15.321009475367413,15.77817003790436,16.463067462492393,11.303237273988525,17.140539267784067,18.47044660270579,10.873507013580438,13.687233620548708,18.48806330703893,17.254015556637725,18.762859482650725,16.67212536975139,18.716501387433023,18.082666367207,13.660241905453512,14.083593779157857,17.38403183609462,15.49571639028319,9.242228829511689,15.131835896933527,17.43200633339936,14.518423178155327,13.083869830970714,9.274135803567269,10.049866447572805
