,10,11,12,13,14,15,16,17,18,19,20,21,22,23,24,25,26,27,28,29,30,31,32,33,34,35,36,37,38,39,40,41,42,43,44,45,46,47,48,49,50,51,52,53,54,55,56,57,58,59,60,61,62,63,64,65,66,67,68,69,70,71,72,73,74,75,76
10,0.0,1.3497954797774847,3.7459231863402978,5.981848324436189,4.091208219201544,9.011186160583824,8.895886434913782,7.356287086039481,4.165310635021349,2.7249172654514586,3.408499999765347,2.4114504269200885,5.771520422579512,6.31307688044479,2.593358144753023,5.527467864811828,9.895650156211138,9.427215922390287,12.994642108251545,11.674273371617248,7.880683821708623,11.628713132825522,10.484706806082892,6.7765934123949165,11.487514941181109,12.888741476811987,13.22007027218624,9.065533329423422,6.540576354801085,8.019975484266237,7.42401936924756,2.824286121614436,2.6769465614998698,2.5974395048489183,6.819393122135718,4.37520057247194,1.8005825833445601,6.315106250182451,8.391478561475736,6.4163186858661385,5.97732721722874,9.509141041660495,11.270232289363513,12.946929404169708,13.40925024236529,9.506038020873715,15.859712326611456,17.50519835602753,14.07258344606644,16.17417930251954,20.122263994288154,18.31125490094274,21.92309306524954,21.182981487141237,21.739956280435816,19.243168957068157,16.554174532792963,17.208012489621726,17.688103517869955,14.339598208590628,12.103548697683602,15.076900266551053,14.633760438579865,10.401345474957933,10.249335200343952,6.770535143554624,12.50215510461507
11,1.3497954797774847,0.0,1.3483069657608908,2.606579249838682,2.5764224608049844,6.6593511652289585,7.843955405164623,8.332187012353025,4.852074152494409,7.0983046090962265,8.491630508967885,8.484132011570473,11.994132335346885,12.211191361787717,8.103122790226411,12.003929061961424,16.31780073049311,15.011454246023995,18.040949602260014,15.067979383964174,12.294784654928984,14.504806661048114,10.778074378618518,8.566480317873092,11.154007010933082,14.441041936960874,12.713135757384048,8.617460128160246,9.147165657617881,8.723055048984612,5.196729936103423,3.873392085472035,5.258122608956663,2.698817128793177,6.7578152247167385,7.36068964094834,4.915212262708713,8.894186168152933,11.454175619684717,10.866511651124158,11.354759110132521,13.951730846752666,16.125725014753456,16.403773562039373,15.989250507899376,8.92395191310496,16.858749898429142,19.170560992410184,15.982561313184945,15.622563128550393,21.09652166737489,21.591464013443236,24.67495669837002,23.628167555701175,25.58480775628682,23.41799177677023,19.56104373272536,20.905581556414077,22.92373766719478,19.2438067439732,15.46414276667985,20.34446524194011,20.790663085994947,16.567566535035848,16.010086618126376,11.766423901948947,17.16528722573753
12,3.7459231863402978,1.3483069657608908,0.0,1.3516340708847068,3.033132924520528,5.700074919099283,7.96486043052639,9.964435617119946,5.512338561104351,9.374906196367483,10.338223449034933,11.452346997524215,14.497173906066209,14.496607437360405,11.949463930679837,15.79540037824265,20.153742831540953,18.14959363937945,21.622986218674644,19.235122630114635,15.826308214683454,17.49523115111662,14.139864240906805,12.456230038561417,15.618137937103578,19.197483371480626,18.024352487782107,13.68314576083426,13.75345165615289,13.436402506655476,10.372026813910427,8.03911007423474,9.42293372139229,5.500480440160617,9.986298665211939,8.72933502844881,8.128647943902902,12.164977444666235,14.290987336276878,13.129706746438066,14.989739104561657,17.585208368624386,19.291372147704735,19.362582839251118,18.595782243433288,13.092740717685086,20.063853072882722,22.37118178580766,20.142959632775334,19.725077160982796,24.90018064969581,25.473577490535735,28.918780037149013,28.1246924907597,29.976745653457893,27.543344161605233,23.90606006133186,25.475825154891464,27.10821751935241,23.06711441357864,20.074445600972595,24.647416483790874,24.75378423890428,20.461873713690498,20.150101482534744,16.04058216030135,21.683204412175563
13,5.981848324436189,2.606579249838682,1.3516340708847068,0.0,1.3493570335978582,3.534622424436702,5.793030962562288,9.006967671198627,5.868313050392744,10.083074347612659,12.291862998122664,13.460769845415982,16.568803949057124,16.00706142210445,12.87015377189816,17.2211049197232,21.318587916482112,18.65194481010102,21.710320098584745,18.54419174824665,15.65900184305214,16.142606421251443,12.368788447045484,11.63517566244458,13.538364468024993,17.698752169125363,16.50780591741984,11.663826978278564,13.847044855311351,13.698755696416647,9.867381142942358,8.082552471505988,10.512300526268008,7.29161363672392,11.535859061660098,11.400753205463529,10.012563703089572,13.900745412176287,16.292191358579924,15.606830018249322,16.73042864880458,19.172183432649295,21.27535593677007,21.305781047593378,20.625204201735258,13.933632176277772,21.573956455948235,23.986786339975975,21.036610883174042,20.430178282043265,26.01747558485538,26.68860199778467,29.729179016050697,28.577788897484307,30.65757900194995,28.60340235605541,24.57028309697122,25.911823359123357,28.125513302965036,24.47117755927423,20.422285494080946,25.42417332424763,26.04347908782806,21.84760566515154,20.918441591919294,16.879368528870923,21.99381904092847
14,4.091208219201544,2.5764224608049844,3.033132924520528,1.3493570335978582,0.0,1.349401399702139,3.015671499207617,4.349087017323176,2.449456626200084,5.049909117525763,8.200459173819546,9.932184074411202,12.725930331833865,11.241286639746448,7.936699638435423,12.860777185502883,16.551045702018232,13.215395285103934,16.22985301378851,13.40838734003956,10.192578713530759,11.013902077132398,7.377846388313798,6.422532603357679,9.188833414465106,13.245650346438989,13.080931565001151,8.560010947592922,9.60101709448525,10.838721903198735,7.608171194724469,2.9707665740638034,7.610755695210484,6.950327095461745,11.583757644715432,11.576098633536215,8.293277658232121,12.17256516703309,14.96022504668912,13.958237285518393,13.611728094363423,16.461345397659645,18.850269049983055,19.793110651209957,19.970155707419913,12.99202170293511,21.41066368104521,23.343311665196737,18.846404770570455,20.020060478090627,25.061688593862492,24.407549665783858,27.30767620070557,26.089078634804167,27.476113698099013,25.514669252022777,22.112221763935793,22.52737717031135,24.353773930860186,21.257820152040473,17.09339028630424,21.221003401495203,21.890440755223462,17.73042952602224,16.257915559931465,12.856782584889576,17.689814042836822
15,9.011186160583824,6.6593511652289585,5.700074919099283,3.534622424436702,1.349401399702139,0.0,1.3455581831530834,4.430156163259453,3.4410881356000624,8.556185933432436,10.51142654775139,14.132476843558507,16.55805619146049,14.045973634742976,12.564576736053175,17.405996949143773,20.99851396780959,15.579950497544413,19.46853202875697,16.96211065323204,13.6157694822324,12.742231037958584,9.839437654914677,10.39669295990971,12.615825772708424,16.927410939807988,17.561892295741746,12.68794437105884,14.583349249797733,16.42417591113751,13.017662710062169,7.314140194574245,13.302931107639424,12.124941523988703,16.762085240620152,16.05921900708982,13.54755522904736,17.70049008314649,20.354330964444298,18.755682115572768,18.979091088513364,22.04146888133122,24.179768620153336,25.254199235572916,25.31853099722615,18.50881584981217,26.80423552471274,28.830988939017843,24.511148646704296,25.494246993948003,30.67250199667463,30.086074917682183,32.96624304688482,31.66040455435367,32.99441636249417,31.104396593342585,27.724150120141864,27.95776797502577,29.68892207389748,26.70464278662716,22.56161722593261,26.260926061804767,26.88052005474012,22.709481355332514,21.06565606735419,18.240989206870776,22.656935898752614
16,8.895886434913782,7.843955405164623,7.96486043052639,5.793030962562288,3.015671499207617,1.3455581831530834,0.0,1.3532250368488743,3.0677591085738363,6.18984224993404,9.092433968693523,12.85444480339706,15.067678594268044,11.877168931187606,9.967713518325448,15.061223092873682,18.287420459341032,12.282031631530714,15.887646919694502,13.205540494345083,10.107047149231239,8.62083237312698,6.054356828572749,7.261784342824683,9.436153205269267,13.313885444281114,14.923976682543518,10.709895830753254,12.006823993224417,14.937067595087408,12.428337717205645,5.103888411175065,12.400991851630142,12.600681506753705,17.31505202942738,16.876420574360644,13.528279130499673,17.27717843346746,20.15495515242355,18.467140523290496,17.728831436982027,20.760763374566167,23.19698185995587,24.72736219668605,25.265268250921334,18.419096600847716,26.931376328908033,28.67933306395468,23.24374685689824,25.36201795468451,30.19954217112936,28.77167589722,31.454710259875625,29.88644954888677,30.89617303213968,29.251037345374538,26.01376431505657,25.755510714053838,27.3384919745596,24.666972715941284,20.559078750066888,23.455360537073187,24.407181256164726,20.3277914805648,18.268779851177353,16.153861088148968,19.81241369901691
17,7.356287086039481,8.332187012353025,9.964435617119946,9.006967671198627,4.349087017323176,4.430156163259453,1.3532250368488743,0.0,1.34872427141473,2.813945236389657,6.554064034127542,10.088483338398278,12.04814161179901,8.470919682704663,6.705592431374115,11.659433209967556,14.630766294255421,8.102183673834872,11.847377185008746,9.633479424406385,6.346405502817298,5.016844512739465,2.927718695943114,4.457963079102662,7.8321690418329615,11.06213300411273,13.158818103798051,9.797306458956514,9.204951459145683,12.828708588538914,11.441656538585491,2.9355501955762002,10.290006614699696,11.661570823208397,16.177170219803727,15.74598599809073,11.90294894750103,15.327287154585205,18.180747854207485,16.23521426660354,15.052908325849954,18.13540099729365,20.566691879241844,22.36415037126652,23.306766555199484,17.053035385510466,25.287865070104385,26.75440254353828,21.021863299271907,23.875377470865455,28.305241962946454,26.28678160931209,29.049343808560987,27.4562499760848,28.163782869184875,26.491548673690364,23.39946347441461,23.045747647591476,24.21284081482229,21.617918940990748,18.006372221204938,20.13389293710539,20.96439170060079,16.988318126847243,14.875355574457496,13.26137310491463,16.778316853361034
18,4.165310635021349,4.852074152494409,5.512338561104351,5.868313050392744,2.449456626200084,3.4410881356000624,3.0677591085738363,1.34872427141473,0.0,1.3469458980209892,2.954663602629045,7.007346621107326,9.135874753845584,6.05151920910902,6.290660730880691,10.137874247753977,13.835322851393187,8.82815558994751,13.221032126901562,12.038653599871148,7.768375152896858,8.510246720602542,6.424237576391449,6.312264758356411,10.546155651883437,14.06700523450472,15.296640344701592,11.304740241295471,10.097992422893055,13.04843529383783,11.068185931420972,2.6803764403849115,8.929596871853608,9.07410623661809,13.777916902777452,11.97765412863567,8.90952914236013,13.267874943730078,15.64394181967003,12.895186709198315,13.076271383301886,16.604843771908648,18.260498311864655,20.068838621659445,20.789832512552515,15.621654529477949,23.141488593351006,24.722054778724704,20.533788155509427,22.564508142379875,26.924281468447365,25.320661286878938,28.633117539391876,27.510658925234356,28.144062987731285,25.98452336602864,23.120959849278048,23.26485076681488,23.86757209168266,20.895713465513573,18.155096092052695,20.338343120599333,20.131095614520397,16.057154104943532,14.852854205166247,12.888842036466485,17.47910002077359
19,2.7249172654514586,7.0983046090962265,9.374906196367483,10.083074347612659,5.049909117525763,8.556185933432436,6.18984224993404,2.813945236389657,1.3469458980209892,0.0,1.3323262197646952,3.934069144626506,6.070980511504055,2.9891552435775997,2.3552655947708696,5.793851906263566,9.330755787212457,3.342254494803653,7.688917630981361,6.244450297567553,3.0237337362059624,2.3044963201808772,2.119625140473567,2.59058103470722,7.110746672393883,9.741672590359338,11.93538230397821,8.978421227106256,6.579873720837662,10.467710717150041,10.150820160179505,2.378042006099251,6.5049825379621335,8.735769620446643,12.824917330002748,11.158342990432594,7.246977905412896,11.10996334291097,13.3782495277479,10.371292925087202,9.886631395876881,13.397605657866226,15.11765339302477,17.148879301404136,18.457723828531762,14.364358879531826,21.21815886353663,22.304948563405922,17.591442815864966,20.8164335604723,24.55884263231415,22.093857724721612,25.340171298747634,24.087215189170227,24.373017080002693,22.282408238679693,19.54748757738954,19.442868897246203,19.738693716976762,16.907386807858277,14.56346120660956,16.01645396961431,15.764595046001427,11.783756395236116,10.628182668454244,9.16336084800493,13.481341931061388
20,3.408499999765347,8.491630508967885,10.338223449034933,12.291862998122664,8.200459173819546,10.51142654775139,9.092433968693523,6.554064034127542,2.954663602629045,1.3323262197646952,0.0,1.3463999920580023,3.2010995114113885,2.2927299351601054,2.189869925954795,4.54490858689171,8.74747621208154,7.077061087150362,11.403844214840165,11.301893128867937,7.344626905354983,9.312670313447287,9.622917260334221,8.145048897393494,13.372486704841382,14.439451418731522,16.144252946474403,12.567695369602815,8.72889078032365,12.06876495674328,12.657917626795877,5.422211461272789,6.972556470981309,9.422242023190812,13.181957726415119,10.44348091573373,6.9145556759070645,10.739098765683329,12.693072209574282,8.673682225568545,8.628473943363407,12.208023985681356,13.353900455441748,15.663580841705294,17.559574558808333,15.113334987526612,20.797732561105192,21.342714316515234,17.56151319605904,21.019054055190793,24.10876980396838,21.226360933747802,24.918516543186215,24.04398969881967,23.96695876440394,21.527196109845228,19.15692065351298,19.253562692338253,18.98428100638179,15.949124601508737,14.4140094969366,15.65807522540559,14.647520207731946,10.772022509613445,10.6600048346014,9.095488324230384,13.85665402573365
21,2.4114504269200885,8.484132011570473,11.452346997524215,13.460769845415982,9.932184074411202,14.132476843558507,12.85444480339706,10.088483338398278,7.007346621107326,3.934069144626506,1.3463999920580023,0.0,1.3488808754915662,3.0287898049178246,2.46627606633649,2.1485367744889805,6.2049524638298434,6.735397510829104,10.997931302538813,11.22998631166255,7.626142566688281,11.665647819528747,11.873521220000574,8.443143188219084,13.042931322307243,13.443417805978987,14.256941044800055,10.718588833949497,7.050596159991541,8.227363491900233,9.866180652089435,5.4708123354344975,2.6523463646498384,5.947666731123832,8.010826251629311,5.422248193182192,2.5431612902933964,4.945648776948152,6.093707546342651,2.5643591336562515,2.3948041691220197,5.686374118181382,6.536576286745334,8.727667998192194,10.900456356847798,10.111475886834327,14.487852625201525,14.537651023387554,11.709962007706226,15.075740903821254,17.722406775844586,15.019642926071679,19.152264126289005,18.77853042356216,18.907445603487986,16.07554386301833,13.862210835931782,14.767909251479312,14.508699177393565,10.804378989847587,9.894049580650838,12.317042934703174,11.027532458691773,6.811497060949631,8.068673781018655,5.011098604494131,10.818804062870083
22,5.771520422579512,11.994132335346885,14.497173906066209,16.568803949057124,12.725930331833865,16.55805619146049,15.067678594268044,12.04814161179901,9.135874753845584,6.070980511504055,3.2010995114113885,1.3488808754915662,0.0,1.3485701879359009,3.1755367369310035,3.1787667841109855,5.23652687135771,5.538892310326481,9.773778578304604,11.322645827387095,8.012713002401666,11.115253351832104,12.571331309958362,10.874335465196683,15.679566832463475,15.590789715495848,17.757268814619042,14.602338788717118,9.925157351756503,12.919796413626793,14.522482014511867,8.485604550966302,7.66465630250374,11.071340975096268,13.660224541355246,10.825218454236365,7.829527517404219,10.58879655646393,11.603490363392348,6.808575385412745,7.041639375813648,10.220504449089667,10.232711855837607,13.615432853772464,16.487879968273955,15.730270456741744,20.176035448367713,19.707357184611492,16.260194062936737,20.53665065043645,22.92686359131122,19.052486597625204,23.073583308276476,22.517474936553892,21.803454444814413,19.142042263372236,17.40631438622382,17.347267564495688,16.24315205684824,13.28201435583851,12.524780772604416,12.887646703955904,11.090635994172578,7.950553954256513,8.70705456989747,8.80060119700202,12.564050056221982
23,6.31307688044479,12.211191361787717,14.496607437360405,16.00706142210445,11.241286639746448,14.045973634742976,11.877168931187606,8.470919682704663,6.05151920910902,2.9891552435775997,2.2927299351601054,3.0287898049178246,1.3485701879359009,0.0,1.347932280072183,3.3593279811145607,5.927907026982132,2.7506198787378295,7.13051808259362,7.904572580950274,4.534175215217077,6.958019709749089,8.588231451926669,8.158863185990565,12.629557957616159,12.672190568501193,15.275181771774413,13.156644556613983,7.822035230718691,12.694173068250139,14.239559859427564,7.468151001518477,8.515321769802105,12.303380952659797,15.642956100922557,13.10020116722662,9.501455424672887,12.46741061996512,14.024931079764656,9.60501783407236,9.4135289377394,12.582647318130691,13.341579300526416,16.270236765869342,18.862843383615015,17.058734480599423,22.340454712824332,22.217622485410544,17.766655800873345,22.312735838054078,25.052859388961128,21.30000572013202,24.677644711686582,23.41152508618588,22.897076890205653,20.86095493045342,18.599134870180286,17.882069575524714,17.501547210738448,14.996262551012748,13.044702485185468,13.351604122989087,12.666236191896585,9.308625446417516,8.524269833437534,8.9025065302645,11.944514365999279
24,2.593358144753023,8.103122790226411,11.949463930679837,12.87015377189816,7.936699638435423,12.564576736053175,9.967713518325448,6.705592431374115,6.290660730880691,2.3552655947708696,2.189869925954795,2.46627606633649,3.1755367369310035,1.347932280072183,0.0,1.3473886096875378,4.0017548595775185,2.877448951275351,6.2699236952198145,6.106629277362903,2.472554378307457,6.566042010200679,6.556583556012329,2.9322963173897754,7.452637526500968,8.273281425579055,9.815837913361095,6.5791802136652,2.7755784716886205,6.063322454975288,7.327204845609529,2.5382510265712637,2.5072480660505256,7.153015760742058,10.8270782033739,10.128545001366936,5.6230476715694016,7.438919096958162,10.363635064909177,8.588300701086007,5.707480208835895,8.517815965062686,11.1934243147193,13.217985026839079,15.132208102020355,10.712211876486888,17.57989777164843,18.12844871504541,12.46844305801916,16.437022444999403,19.87917896643047,16.932336197442012,20.087688661533143,18.855196968416838,19.07146946277942,17.01480708329255,14.273388955079081,14.146510457032768,14.360713577803935,11.728791144003146,9.293120607801391,10.469124691665867,10.501650288196398,6.699385863610478,5.257543151792125,3.971732997997961,8.324576947370291
25,5.527467864811828,12.003929061961424,15.79540037824265,17.2211049197232,12.860777185502883,17.405996949143773,15.061223092873682,11.659433209967556,10.137874247753977,5.793851906263566,4.54490858689171,2.1485367744889805,3.1787667841109855,3.3593279811145607,1.3473886096875378,0.0,1.3508216594609233,3.0558530137777704,6.873643027918128,7.861593864943157,5.362073178229548,9.912957803458958,10.900982105527712,8.097039813227067,11.25897194245768,10.702912171315587,12.232099570279562,10.054170333270177,4.841596789878421,7.079447244425687,9.779826373391584,7.0147722531667185,3.4083840191385164,8.9854446214744,10.486820580335433,8.867949394685832,5.529980403396869,6.023897762463346,7.948728573495639,5.150491636719714,2.499005375872931,4.953285771191302,6.810738195309923,9.402739473712987,12.41707926180342,10.81406167938564,15.544267189194905,14.985822168981539,10.050029661004231,14.89931700108526,17.39116160533095,13.367064404843013,16.89554696169451,16.049540553101963,15.640236246509813,13.178016106194184,11.032945553526185,11.083565815357193,10.615427107698617,7.525601455234394,6.357566328395963,7.876194195500104,6.758407642382023,2.8885199453986647,3.515054780218806,2.4892808370452078,6.575348979133918
26,9.895650156211138,16.31780073049311,20.153742831540953,21.318587916482112,16.551045702018232,20.99851396780959,18.287420459341032,14.630766294255421,13.835322851393187,9.330755787212457,8.74747621208154,6.2049524638298434,5.23652687135771,5.927907026982132,4.0017548595775185,1.3508216594609233,0.0,1.346363240463965,4.517382446176984,7.43144265332818,6.496838625894752,10.765665162434642,12.846699441103043,10.503825513641116,12.890914743798978,11.70776979447235,13.775567905060447,12.801813995141819,6.520981801424936,10.47479775290776,13.247517700925236,10.639415956769968,8.08918765602855,13.980825421601152,15.943320627475257,14.682543110992247,11.137294180704416,11.11703620882431,13.328478946464314,10.283039741364764,7.4757640511312795,8.611927335190302,9.95501701326772,13.739572903971744,17.300242733920296,15.323885231946317,20.161836944147908,18.99542904567032,12.847928167531515,18.795877965420324,21.03863250644244,15.894776123006205,18.901471089478214,17.586986584045803,16.49341463362002,14.636227421683182,12.812695240038156,11.644737309930312,10.66078078552897,8.747276943731258,6.993977217900925,6.337708529551357,5.355316052463977,3.363266991226505,2.780913855541847,4.741082574622189,6.589199814498998
27,9.427215922390287,15.011454246023995,18.14959363937945,18.65194481010102,13.215395285103934,15.579950497544413,12.282031631530714,8.102183673834872,8.82815558994751,3.342254494803653,7.077061087150362,6.735397510829104,5.538892310326481,2.7506198787378295,2.877448951275351,3.0558530137777704,1.346363240463965,0.0,1.3378596854268936,2.7371166299730025,2.4465188734323497,1.8156693664892545,5.580871171107077,6.908391759311573,10.260135110642016,9.106455117811052,12.141998552760608,11.948133038428963,5.965025655072589,11.439790810111175,13.63821136792811,9.20798644630092,9.52039760152321,14.773164246820611,18.10116249585164,16.80381923399104,12.676218847105734,13.364000461718305,16.154090806175002,13.190739065230867,10.169744886897924,11.299936849045611,13.814698043056758,16.801175540925893,20.16553994895187,17.19960250168312,22.75274416042627,21.78440419605353,14.96569649194729,21.054661764746797,23.471698632000372,18.322108814401364,20.834278207389428,19.040371386091806,18.110327786913626,16.763858975107837,14.652668675108062,12.99308890930163,12.712604126183148,11.127958402127842,8.632975187971761,7.91317993318057,8.382110912813435,6.154844436101817,4.060930993439088,6.30077735753808,6.781127472246631
28,12.994642108251545,18.040949602260014,21.622986218674644,21.710320098584745,16.22985301378851,19.46853202875697,15.887646919694502,11.847377185008746,13.221032126901562,7.688917630981361,11.403844214840165,10.997931302538813,9.773778578304604,7.13051808259362,6.2699236952198145,6.873643027918128,4.517382446176984,1.3378596854268936,0.0,1.3511113220564401,3.202176288563137,5.622733678512335,8.375260933685954,7.999031522282911,10.051191178033735,8.1145347454558,11.489049010966692,11.783213734350086,6.727981770604512,12.357568885485932,14.509585333771028,12.066509918442565,12.23781800340846,17.669686491787846,20.94749877844916,20.3929889849452,16.08151377283022,15.802258450037392,19.673108989175375,17.10108805519752,13.714632185562103,14.425855514995316,17.404755332693334,20.224588975972072,23.546933759461492,19.12782925282781,25.662505345391818,24.737708193310603,16.917200638444747,23.171596274256576,25.85635575450582,20.585590033868666,22.295608570620264,19.93444492542815,19.054048196000654,18.54642549733362,16.303749396572943,13.986646802031753,14.363044711380248,13.668044341743702,10.63396500026037,8.898040505803701,10.82910330811487,9.587640553642368,6.813740150218545,8.45114588123565,7.109879742201182
29,11.674273371617248,15.067979383964174,19.235122630114635,18.54419174824665,13.40838734003956,16.96211065323204,13.205540494345083,9.633479424406385,12.038653599871148,6.244450297567553,11.301893128867937,11.22998631166255,11.322645827387095,7.904572580950274,6.106629277362903,7.861593864943157,7.43144265332818,2.7371166299730025,1.3511113220564401,0.0,1.3450120166475794,3.5835800559173965,5.972949447521624,3.390763499253139,3.8797788890409293,2.3304089492887705,5.690367072064524,6.0660622586175545,3.3559678112864146,8.352909993860534,10.087050834660726,8.67697686149325,10.19215026132542,15.175946555166224,18.32314872104049,18.907577270485778,14.60933144816422,13.248369432249879,18.331436526555613,17.164069507060322,13.09718023599013,13.746884154915929,18.161266882586048,19.953599920199874,22.33926497478598,15.839912001147802,23.73691890030393,23.656012322526763,15.229270480085036,20.676775214570952,24.265842505878105,20.115884126598477,21.59135664348798,19.01993451230504,18.996606591185955,18.60962889119223,15.795551550576032,13.739330830163691,15.11948473238101,14.144990875236212,10.349067527813295,9.730014957972442,12.587602132611831,10.475194156724859,6.909827216033314,7.273922257810335,6.343075130607486
30,7.880683821708623,12.294784654928984,15.826308214683454,15.65900184305214,10.192578713530759,13.6157694822324,10.107047149231239,6.346405502817298,7.768375152896858,3.0237337362059624,7.344626905354983,7.626142566688281,8.012713002401666,4.534175215217077,2.472554378307457,5.362073178229548,6.496838625894752,2.4465188734323497,3.202176288563137,1.3450120166475794,0.0,1.3455875967010695,3.199296169229431,2.3276942442529043,5.2579192690835175,5.351909536383524,8.348647036711869,7.635525566619948,2.793500328762508,8.325181738879984,9.944721341475809,6.452468379294019,7.467119431119765,12.31099471421789,15.889089779786842,15.729293594479223,11.226571207151208,11.904682091071045,15.70757298406526,14.000968436487478,10.629003500108603,12.417212927931105,15.976779811365159,18.062751761880364,20.258227908263855,14.765605479621536,22.24643748085645,22.556554624151907,15.15812709678015,20.1800216455631,23.71442455458255,19.918931148760034,22.14065422330377,20.035925279531156,20.01402497435854,18.92147400631276,16.078795401240274,14.772283899845714,15.626489386712858,13.866002622773285,10.589294929016678,10.807179173780998,12.47003091731648,9.32372312152925,6.2633061225343045,6.386234019053112,7.796431339675346
31,11.628713132825522,14.504806661048114,17.49523115111662,16.142606421251443,11.013902077132398,12.742231037958584,8.62083237312698,5.016844512739465,8.510246720602542,2.3044963201808772,9.312670313447287,11.665647819528747,11.115253351832104,6.958019709749089,6.566042010200679,9.912957803458958,10.765665162434642,1.8156693664892545,5.622733678512335,3.5835800559173965,1.3455875967010695,0.0,1.3503029368101525,2.896398023224203,5.768059105561956,6.701878271891783,10.28772501271807,9.249790769288138,7.246510929461336,12.659432799637173,13.218882092267123,8.795291333556012,12.374805543625065,16.455015840758207,20.306440655461625,20.315948063838032,15.777099854173803,16.939639414719565,20.810901005637234,18.600821642537827,15.874195146544663,17.83696389741968,21.16704853439735,23.376960033262424,25.50191725593294,19.355365216118905,27.426258522938582,27.928562529924413,20.327077046379944,25.139042510349476,28.94912721090692,25.286975737432044,27.4086849967485,25.20502952217524,25.28721026741877,24.3088080184731,21.405843677392593,20.021113739764576,21.0574538153118,19.286039023867183,15.892815416600381,16.036964147252263,17.691025700061864,14.490513906879263,11.588890342001124,11.760415000472571,12.79810209431692
32,10.484706806082892,10.778074378618518,14.139864240906805,12.368788447045484,7.377846388313798,9.839437654914677,6.054356828572749,2.927718695943114,6.424237576391449,2.119625140473567,9.622917260334221,11.873521220000574,12.571331309958362,8.588231451926669,6.556583556012329,10.900982105527712,12.846699441103043,5.580871171107077,8.375260933685954,5.972949447521624,3.199296169229431,1.3503029368101525,0.0,1.3453275499110207,3.980366522269997,7.099035446325793,9.381191901444835,6.564975788693314,7.059953741383468,11.014809204334389,9.968892107471477,5.488329853083515,10.859008428529815,13.833765825288632,17.629619235958675,18.594657982525817,14.413546592551807,15.43770790340558,19.71159938415269,18.464650960982453,15.922535119528657,17.901522980666797,21.41874005201226,23.269316028771318,24.506682373082686,16.881382107865413,25.804169110498037,27.09639196243935,19.682871787782343,23.291788528714527,27.816364835764496,25.308076759065095,27.396408165587296,25.30075464442145,26.01867922254014,24.945033109882228,21.736976408850882,20.70605588945458,22.303105210400528,20.26318467615989,16.004492332827816,17.59639580604942,19.231841855935148,15.669165062339173,12.820643348210195,12.0979457653026,13.942142263625248
33,6.7765934123949165,8.566480317873092,12.456230038561417,11.63517566244458,6.422532603357679,10.39669295990971,7.261784342824683,4.457963079102662,6.312264758356411,2.59058103470722,8.145048897393494,8.443143188219084,10.874335465196683,8.158863185990565,2.9322963173897754,8.097039813227067,10.503825513641116,6.908391759311573,7.999031522282911,3.390763499253139,2.3276942442529043,2.896398023224203,1.3453275499110207,0.0,1.3489759206558225,3.5962573126689863,5.629028303687073,3.188375539910213,2.341046823936549,5.71440609256486,5.939124060148939,2.8169998807071286,6.024319090087633,9.968147616217921,13.421633652233796,14.521252935617692,10.25748024967515,10.156411995160049,14.907858144610415,14.283123268008792,11.290915540248639,12.66366089308266,16.738673782444057,18.223991401434137,19.43996013666247,11.974773980100169,20.646580529663655,21.738791389335685,14.278491646161406,18.11980097145591,22.426501497189825,19.94450575374326,22.109597266625798,20.14780617968179,21.07348242642392,19.86626082953766,16.546105067421497,15.784991610974558,17.91733331731599,15.687214157691042,10.801673224419151,13.758450459023729,15.855078690236903,12.204939918221134,9.29791468110152,7.175763431762774,9.655073321081726
34,11.487514941181109,11.154007010933082,15.618137937103578,13.538364468024993,9.188833414465106,12.615825772708424,9.436153205269267,7.8321690418329615,10.546155651883437,7.110746672393883,13.372486704841382,13.042931322307243,15.679566832463475,12.629557957616159,7.452637526500968,11.25897194245768,12.890914743798978,10.260135110642016,10.051191178033735,3.8797788890409293,5.2579192690835175,5.768059105561956,3.980366522269997,1.3489759206558225,0.0,1.3432817330236992,2.9598045311903904,1.94384613023513,3.146065863745951,6.089670343611729,6.391965608740754,5.73688169728592,9.081297724860454,13.190521093722928,16.23134561685421,17.94522136978317,13.996175855227948,11.906082821543857,17.845332407746838,18.150557322237074,14.281895728323018,14.368926910806032,19.44824678791349,20.467343888501002,21.68425258917889,13.39366487605117,22.30556312547896,23.054678666212247,14.625259790095239,18.833455091393333,23.189042471418507,20.530110758754525,21.908546166300162,19.49454295402042,20.508994175171914,20.05410318407923,16.62290928219636,15.028516310360073,18.014714724848655,16.62645242604938,10.586386449189412,13.712399518216934,16.75871162041965,14.172352252881096,10.669614209694444,8.689021682722748,8.879469742429714
35,12.888741476811987,14.441041936960874,19.197483371480626,17.698752169125363,13.245650346438989,16.927410939807988,13.313885444281114,11.06213300411273,14.06700523450472,9.741672590359338,14.439451418731522,13.443417805978987,15.590789715495848,12.672190568501193,8.273281425579055,10.702912171315587,11.70776979447235,9.106455117811052,8.1145347454558,2.3304089492887705,5.351909536383524,6.701878271891783,7.099035446325793,3.5962573126689863,1.3432817330236992,0.0,1.3453122786029896,2.8116382263790642,3.038662196076697,5.328071181815841,7.149257452755315,7.964488040418573,9.711307506811636,14.33880261692277,16.7250573018287,18.54743992201158,14.748502226468707,10.97111421695108,17.56311945964534,18.060012650906508,13.687488588993606,12.86500345128414,18.536750524957103,19.070294856830134,20.588165865035723,12.938429584551134,21.218056008145435,21.319077588888433,12.461281999150007,17.329827137402887,21.27185993243955,18.116994278050303,19.074219058821285,16.418969362281977,17.287784296224388,17.261072135174093,13.919990320025375,11.803682404532276,15.03214439199404,14.302606774957916,7.988164037629457,10.749155613937816,14.25585031022308,12.735047506336096,9.124386353716801,6.735162198499081,5.6809692407536305
36,13.22007027218624,12.713135757384048,18.024352487782107,16.50780591741984,13.080931565001151,17.561892295741746,14.923976682543518,13.158818103798051,15.296640344701592,11.93538230397821,16.144252946474403,14.256941044800055,17.757268814619042,15.275181771774413,9.815837913361095,12.232099570279562,13.775567905060447,12.141998552760608,11.489049010966692,5.690367072064524,8.348647036711869,10.28772501271807,9.381191901444835,5.629028303687073,2.9598045311903904,1.3453122786029896,0.0,1.3483106874388966,2.9864228149651937,4.316767981859922,3.8491503423204474,6.5270359937861055,8.802267022426586,12.680633109359144,14.58979941897401,16.993240877989148,13.894001515495981,9.7470067694266,16.624116092154793,18.03023246773385,14.164434095668835,12.785542620407938,18.677370777549363,18.549013601051847,19.264954037048255,10.428827870788702,19.238493440768995,19.979436118121853,11.426496538586266,15.029598902443796,19.46146093213319,17.40309621865377,17.78951838529654,14.808386013898371,15.9155573823071,16.85840142851063,13.174820052557909,10.711873210780267,14.775320895948095,14.773593122037193,7.29339819964333,11.357513216472647,15.110577604953823,14.0399938230413,10.9158580964674,7.542112633044025,6.133306301291675
37,9.065533329423422,8.617460128160246,13.68314576083426,11.663826978278564,8.560010947592922,12.68794437105884,10.709895830753254,9.797306458956514,11.304740241295471,8.978421227106256,12.567695369602815,10.718588833949497,14.602338788717118,13.156644556613983,6.5791802136652,10.054170333270177,12.801813995141819,11.948133038428963,11.783213734350086,6.0660622586175545,7.635525566619948,9.249790769288138,6.564975788693314,3.188375539910213,1.94384613023513,2.8116382263790642,1.3483106874388966,0.0,1.3509067160984363,3.2870641684716,2.2809318421038185,2.428015114453302,4.9952679926695405,8.973246278807508,11.762831498774098,13.749596213658988,10.209744849514964,8.338482546546683,13.977876268504172,14.918591505588894,11.679173436679665,11.763233103529101,16.62196160223755,17.202271571288275,17.938789041337433,9.201334925438275,18.394314851504156,19.726232401030135,11.95589520769907,15.093141704747623,19.82806892178256,18.155958199037546,19.70427942772369,17.526333960887513,19.005310813249917,18.361274291240115,14.561422669565006,13.556806193406604,16.938782923866736,15.240348689795983,8.647390017607563,13.477922173606693,16.124340474041265,13.280703644826536,10.53565053022062,7.168070143758499,8.521412907509726
38,6.540576354801085,9.147165657617881,13.75345165615289,13.847044855311351,9.60101709448525,14.583349249797733,12.006823993224417,9.204951459145683,10.097992422893055,6.579873720837662,8.72889078032365,7.050596159991541,9.925157351756503,7.822035230718691,2.7755784716886205,4.841596789878421,6.520981801424936,5.965025655072589,6.727981770604512,3.3559678112864146,2.793500328762508,7.246510929461336,7.059953741383468,2.341046823936549,3.146065863745951,3.038662196076697,2.9864228149651937,1.3509067160984363,0.0,1.3500069424221317,3.051772087215595,2.508662938368278,2.79311822331545,7.333268481879331,10.091737710556357,11.559796563281884,7.677689255612265,5.8133898036640606,11.144342898617392,11.662424125976562,7.7891332503746655,8.172729755775885,12.929713418305928,14.079412756231351,15.269404186253222,7.888333683554943,16.29730305164062,17.299651551503864,9.663747291338716,13.760550941637199,17.960190950784543,15.136731736350143,17.109447877362648,15.02838379380646,15.60625322434068,14.564734960067735,11.350114087393615,10.39238099046644,12.25096903420374,10.431841548211827,5.7898171360542,8.082345849108993,10.437769473861621,7.505933157257914,4.166676087019368,2.6290630914620734,4.2214219444498
39,8.019975484266237,8.723055048984612,13.436402506655476,13.698755696416647,10.838721903198735,16.42417591113751,14.937067595087408,12.828708588538914,13.04843529383783,10.467710717150041,12.06876495674328,8.227363491900233,12.919796413626793,12.694173068250139,6.063322454975288,7.079447244425687,10.47479775290776,11.439790810111175,12.357568885485932,8.352909993860534,8.325181738879984,12.659432799637173,11.014809204334389,5.71440609256486,6.089670343611729,5.328071181815841,4.316767981859922,3.2870641684716,1.3500069424221317,0.0,1.3477336437237566,2.9378684429084934,2.686093122180479,5.796400587690466,7.37890801392462,9.614665751896739,6.825659125958565,2.5816594654773497,9.242440052360326,10.834283456994731,7.367121230556242,5.553587241770639,11.49303211516877,11.11481405573487,11.885300872490971,3.947767819568238,12.136228337122034,12.541532095724905,4.254630907696095,8.110890912032453,12.263637411184733,10.545061019352133,11.97575925772125,10.246284489450355,12.186634286662091,11.251669302622439,6.878964372039073,7.188003522117007,10.604486859103698,9.152265999901164,1.8072741105947823,8.97826745678483,11.206409970938015,8.705691387063212,8.037205964377533,3.13388792746702,5.574671041335741
40,7.42401936924756,5.196729936103423,10.372026813910427,9.867381142942358,7.608171194724469,13.017662710062169,12.428337717205645,11.441656538585491,11.068185931420972,10.150820160179505,12.657917626795877,9.866180652089435,14.522482014511867,14.239559859427564,7.327204845609529,9.779826373391584,13.247517700925236,13.63821136792811,14.509585333771028,10.087050834660726,9.944721341475809,13.218882092267123,9.968892107471477,5.939124060148939,6.391965608740754,7.149257452755315,3.8491503423204474,2.2809318421038185,3.051772087215595,1.3477336437237566,0.0,1.3515738418952499,3.1288017098445926,5.289189445553286,7.461084198841469,9.762276958409917,7.588762736346882,5.37733863001313,10.732375255753416,12.491146927866199,10.029543185934942,9.459617671729157,14.468389806627792,14.060968435383247,14.16748712042093,4.702417028739575,13.988171217159271,15.837587145904601,9.178487884740123,10.545621602898926,15.823513956974645,15.500696487055343,17.306780350175323,15.52558556939606,17.696212767264328,16.631039432029382,12.120124620086772,12.672335073992883,15.997738246026747,13.791346556136181,7.262935475484327,13.503814000500626,15.62183477270823,12.55225186633026,11.030677211734174,6.4054541128980045,9.525406176700912
41,2.824286121614436,3.873392085472035,8.03911007423474,8.082552471505988,2.9707665740638034,7.314140194574245,5.103888411175065,2.9355501955762002,2.6803764403849115,2.378042006099251,5.422211461272789,5.4708123354344975,8.485604550966302,7.468151001518477,2.5382510265712637,7.0147722531667185,10.639415956769968,9.20798644630092,12.066509918442565,8.67697686149325,6.452468379294019,8.795291333556012,5.488329853083515,2.8169998807071286,5.73688169728592,7.964488040418573,6.5270359937861055,2.428015114453302,2.508662938368278,2.9378684429084934,1.3515738418952499,0.0,1.3460911703572087,3.7111696344103153,7.2875468433482995,8.58052021245547,4.9780006877241965,6.340544093369849,10.169076625493409,10.447578004239057,8.225156811843927,10.222479360861788,13.702827198340973,14.461503188194188,14.930052264075844,7.211951153255157,16.047436652348885,17.7088981876669,11.29635770635513,13.804770679010451,18.575024164408596,17.314454767466476,19.6019475836159,18.102486682914115,19.66952427929744,18.10876562487089,14.39112956449234,14.59021636259242,17.170997743623555,14.475987411639325,9.133591552762189,14.14596035968067,15.35660939011386,11.40334494176122,9.73278379733739,5.85225806154612,10.511663211278142
