,10,11,12,13,14,15,16,17,18,19,20,21,22,23,24,25,26,27,28,29,30,31,32,33,34,35,36,37,38,39,40,41,42,43,44,45,46,47,48,49,50,51,52,53,54,55,56,57,58,59,60,61,62,63,64,65,66,67,68,69,70,71,72,73,74,75,76
10,0.0,1.3498795905530814,3.4624634921972883,5.869066589396771,5.367268683528129,5.9814666009324915,8.65223347806519,11.548093312249975,13.581077772608548,17.096811211743873,20.06884142657101,21.344627694627814,24.721928618592443,24.166149749310087,20.306221524702046,25.14179814831977,27.774112584353947,25.899450752121048,26.921621779395814,21.652922759322728,22.577610001922288,22.670274359710646,19.379033842557572,17.267516425466273,16.616155171652434,17.986539707463667,14.148464022881987,12.126261159872396,15.431694921784844,15.177598727157713,10.775218661606921,8.16606453073828,13.360103261023678,13.01502263060288,13.395076443884035,16.984738339247453,17.587772238641666,16.709550772917115,19.36099261100849,21.642713711496285,21.468085263529993,20.623557726331452,24.32604615220262,21.66125485229786,19.798247173460414,13.356688777969877,17.273593070692908,20.743875015633893,18.160739274580255,15.419444618588358,20.658691374542656,22.226634884055773,24.70458933569402,23.17839660289842,26.544053555428373,26.455845741520662,19.924928131257275,24.437831012937572,27.628724340733143,24.193502133315352,20.290239530984046,27.22420706317365,29.058099916133656,25.737296449816537,26.81069822492725,21.66719852031853,23.106945212440586
11,1.3498795905530814,0.0,1.3486471137586404,2.789181576697273,3.3662131781047324,4.039777644845943,6.623568550356191,10.099027657534574,12.224068282446323,15.93125168399077,19.01652645809727,20.075386562554698,23.462645029952036,23.249750089781113,19.306348140910277,24.128046474930787,26.858314645801325,25.41465308750247,26.54385014456817,21.38687942441725,22.19864236192561,22.683626953538923,19.175890928377676,16.78619364782064,16.68726338637643,17.784949939103107,14.278757855842494,12.028085780306467,14.804609913549648,14.537552921110583,10.34611982951796,7.667699645389379,12.101884783884053,11.14597556376894,11.645764611826518,15.21650263058748,16.002267051908763,15.588504769643627,18.049696357736003,20.278576971607936,20.37779658425297,19.957157604747437,23.281031251542572,20.694083253380345,18.766507327145607,12.22483797676247,16.490476730427478,20.057495420313355,17.804688395352024,15.043620863785396,20.500031097084236,22.155613612704734,25.0455202552243,23.675453741553273,26.98791110234813,26.551527035482305,20.023731397934238,24.76052526897926,27.74695210153637,23.768330573369358,20.30157611987372,27.153032861916117,28.834006732823116,25.12506115849029,26.495256338746263,21.095631368696388,23.16485598079059
12,3.4624634921972883,1.3486471137586404,0.0,1.3489705014183673,3.2834025859227234,4.190570965492865,5.008327162711725,8.640164774963896,10.929757646076233,14.40046328957384,17.57710621590737,18.188641477613935,21.72331873412654,21.709994991890643,17.613066566889074,22.30497126971688,25.150235046255908,24.043377879151905,25.09798184329521,20.11796638541756,20.9658133628231,21.950677456651583,18.466017713144083,15.74215481368506,15.92104200112504,16.578561857698826,13.280061375779905,11.310841332998473,13.363952223798576,12.915418524551457,8.976493491547854,6.760647881378991,10.359371147644035,9.28037559541479,9.804556845233327,13.317376595404811,14.071131643536651,13.691113274663321,16.096842029631105,18.269131470071223,18.467040859122868,18.06335851796998,21.292735435295373,18.71071582736581,16.896578223658164,10.287696468753339,14.932110288471664,18.2843649767749,16.05208284258962,13.412538291009705,18.906574577058418,20.518383122837594,23.529632741552017,22.263205122806628,25.520264254211654,24.840287768229484,18.47136971615718,23.255489337271587,26.07240453200086,21.89059527711646,18.780071009006342,25.47763885924445,27.03602109585565,23.268956774986012,24.877465495049343,19.385854205885913,21.71740518101461
13,5.869066589396771,2.789181576697273,1.3489705014183673,0.0,1.3489489835055348,3.1367763854027424,3.8939735713382966,6.9280674912759075,8.553620405326004,12.43563868411299,15.29301405106621,16.414406766976906,19.64260359921298,19.765863565974797,16.344418280489855,20.847644748327895,23.55408660637039,22.235021748426988,23.985858504430997,19.240831950325738,19.476323872718687,20.540086140949178,16.905047412362073,14.46918413717305,15.149764531042752,16.323496554219403,13.386145982384374,10.555455192913113,12.769059294938048,12.933612869778997,9.321754051833492,6.762543510733273,9.543714773109434,7.658597721002166,8.819398521801359,11.737790952974755,12.334871667158787,12.930739002370045,15.123018068032222,16.919816913069177,17.479076573064635,17.770932574604796,20.525732964866055,18.35520341601078,16.56441292348108,9.974481425848772,15.265665362076746,18.57447039549282,16.508436380856274,14.24283981727765,19.765683776263007,21.335443400122802,24.506776275118916,23.28392497417918,26.430665383566293,25.390006598988233,19.387109720226626,23.7749986182872,26.442567386092662,21.973923098786383,19.0795351882071,25.455564411769867,26.830631689841926,22.705012070776284,24.268755193232987,18.872490718860288,21.67977821876422
14,5.367268683528129,3.3662131781047324,3.2834025859227234,1.3489489835055348,0.0,1.3513901084701645,2.9628360673919074,5.907172880377508,7.878104127168788,11.765068332916218,14.71339754472237,16.28113558153013,19.447660496530258,19.117698550226134,15.57920407130865,20.508784296711656,22.96749459030548,21.285618592481008,22.86622012297385,17.885127955777623,18.2587115157751,18.97514069829258,15.225744593053287,12.907838000417826,13.477690214788256,14.959319893590685,12.047716401226836,8.776114101938667,11.563155622182599,11.992473867537573,8.294704660757356,5.455292019894939,8.865409901781474,7.474726711215738,8.894555769750296,12.112897845365401,12.435588090062945,12.612738828224906,15.109736229132565,17.112770719051053,17.15862188788077,17.320364462810083,20.397643635328446,18.24634142284984,16.738349929686137,9.574471228864766,15.424840225838212,18.56809835095209,15.984518033177078,13.821673511540773,19.530781476880197,20.994351518391003,24.052022692797877,22.64696759467746,25.76805179737592,24.858522613010077,18.769130874012234,22.9471029849813,25.788130808768173,21.552947417991174,18.142496440432904,24.65868139836485,26.25774685602247,22.218232863751833,23.28088388405569,17.989508754427877,20.484363148390095
15,5.9814666009324915,4.039777644845943,4.190570965492865,3.1367763854027424,1.3513901084701645,0.0,1.3461569881576816,3.7263650568345965,6.754328930002213,9.854576875614223,13.065944204814503,14.698283340020687,17.798104193782574,17.042548316998833,13.147805061196426,18.47030939233673,20.784176864772228,19.148739862609663,20.368284956094826,15.210101944629466,15.902588253246709,16.716758049289254,13.089304926947186,10.327498853130125,10.912122729406393,12.213766301231216,9.320350442053106,6.201146746122732,8.810166462105771,9.62962802040676,5.973338950684639,2.8004506829816265,6.32879114024542,6.465734250763748,8.661128915777006,11.667046489573451,11.138987407577996,10.790009571934089,13.947589590100165,15.981831903247734,15.077445477605902,15.379709131777837,18.814743879554356,17.096466346367965,16.252806426975642,8.070644701476901,15.106603666173132,17.898014068896963,14.238655187130181,12.575964504095506,18.456502086929373,19.683027566407663,22.337624669804963,20.681221017548946,23.765512587688775,22.919451473211566,16.964572676483705,20.65607162568681,23.60324912046997,19.71115440325319,15.758364273644816,22.234538143527168,23.961656156235794,19.961819137853595,20.69896740754875,15.445998132010098,17.930547340184987
16,8.65223347806519,6.623568550356191,5.008327162711725,3.8939735713382966,2.9628360673919074,1.3461569881576816,0.0,1.3465739917076611,4.182479830327283,7.5041556120452615,10.686274041257901,11.365602086741301,14.851026212217734,14.942667294152232,10.89475206013018,15.555501712476573,18.41910525158716,17.549606369675274,18.92866939246676,14.348215042764068,14.654185641233697,16.337848171802015,12.610489768289819,9.595685967067626,11.008716917628272,11.624252796850524,9.322657148797058,6.510510396824009,7.4752230293242965,7.452246537012604,4.5837620892524,2.6463511170573337,3.7539309519034423,2.6430674367883675,2.925551287597926,6.646931409417831,7.270350562545714,7.0001527917320185,9.168278376100417,11.355875083415144,11.802646736759076,11.900613722512764,14.568679121325781,12.168413072244213,10.595180617222148,3.913326781836034,9.811242605669507,12.704159703074316,10.820816865898966,9.039382429852816,14.379459615526317,15.872973870998049,19.398226755521577,18.496407973009024,21.499679350878232,19.89683904355563,14.323087009347441,18.78458389216235,21.117899316070755,16.110907773854237,14.050663571428837,20.14805533499659,21.327308721078282,16.982786417817277,19.07152110648906,13.407197606824733,16.76336923459436
17,11.548093312249975,10.099027657534574,8.640164774963896,6.9280674912759075,5.907172880377508,3.7263650568345965,1.3465739917076611,0.0,1.345851364924142,3.8038123609608894,6.988973252902119,8.618950620338914,11.49743258376694,10.80456954272998,7.5556722759101405,12.622767038908734,14.730144196572903,13.048432952787529,15.080193826454034,10.622391761284529,10.261767299316592,11.889272626484168,8.217770495521739,5.332392373110036,7.4123905839483015,9.568133702533105,8.3085403906283,3.8703079051875555,5.1073553966687895,7.828563075055345,6.398058357543191,2.2787183549037033,2.677768182302604,2.721725160649201,6.900846462906121,8.617004235535257,5.970780805453277,7.383956948266834,10.336044431898001,11.349992932863108,10.249192784866981,12.087356206325575,14.731918252178536,14.490658874717012,14.406115170253694,6.403233425862613,15.161398558298123,17.397355729704575,13.316198261880556,13.475261175001002,18.809406496590938,19.21237183529577,21.84859345227539,20.512005878161855,22.99766911652443,21.129495407871488,16.858084489343025,18.853044695580554,21.20488688641874,17.15937366105197,13.747763389046607,18.979853487104755,20.188869747225052,15.707424034150423,16.126038357087005,11.311196829765553,14.771231570350837
18,13.581077772608548,12.224068282446323,10.929757646076233,8.553620405326004,7.878104127168788,6.754328930002213,4.182479830327283,1.345851364924142,0.0,1.3489835591134383,3.9306003940164227,6.103057295057891,8.72060817330856,8.627476915618374,6.839825660707205,11.099964311987707,12.995229220999557,11.26759521820301,14.547987180543263,10.978911887836432,9.326252430339538,11.633093717549178,8.280879065960807,5.912530056426425,9.072423198034384,11.45942227025159,11.220018861894369,6.709709391862631,6.378521150086647,9.950851490515427,9.400226614350434,5.210566901023122,3.1599992795446474,2.95626947923053,7.296190030863317,7.714815333722904,4.7540372605716685,7.535492785650163,10.31499618057174,10.170419723562325,9.758068353912323,12.218348770397473,14.510592495368362,14.858601213700691,14.767075066357133,8.178342946685055,16.42515479208929,18.487934672832825,15.131265163966408,15.892140718283486,20.632555650781097,20.453076385834674,23.590082370835542,22.610780811222543,24.589775083996237,22.2672442298151,18.810667787842434,20.413653227751144,22.113317982220526,17.83355192180657,15.302046946339741,19.859482525808293,20.43907749965202,15.63557793353101,16.2382206050846,11.694915625992225,15.923532788499816
19,17.096811211743873,15.93125168399077,14.40046328957384,12.43563868411299,11.765068332916218,9.854576875614223,7.5041556120452615,3.8038123609608894,1.3489835591134383,0.0,1.3417837531423369,3.270579687803739,5.73935315311028,2.1059006402473455,2.4072793060519,6.102216675713682,6.742699978744726,3.166493965973574,7.514826657602833,5.770975459834789,2.563657051633026,5.231314665221203,4.04871881334119,2.872319153657847,6.954172941057422,9.01034207882301,10.261197517976452,6.582738097273944,3.8563376571900054,8.605704966826096,10.066423764819376,7.125476086795187,2.767917553843122,4.874705909891032,8.812493834039461,9.034342042308305,4.7325688633008385,7.620254000301181,10.342269697983053,8.858892321209312,7.325103627171179,10.457372313884273,12.900052864004179,14.353760961795853,15.060941547382857,9.088206150319214,17.315963052916967,18.925923757431146,14.24254747663649,16.658790157642876,20.834630526588327,19.19293603899152,22.235005146279573,21.146798966379908,22.261398968673262,20.07621000271302,17.11471074347696,17.743823051185213,18.692961048122708,15.425926377338856,12.783355565189245,15.629519685852383,15.92665968100164,11.50774715074767,10.71438491494419,7.679718369843708,11.918979345588372
20,20.06884142657101,19.01652645809727,17.57710621590737,15.29301405106621,14.71339754472237,13.065944204814503,10.686274041257901,6.988973252902119,3.9306003940164227,1.3417837531423369,0.0,1.3501474232704804,3.1345583342319165,2.4459181843898783,2.383657356452847,4.784122109735591,6.320047657967002,6.156634773458229,10.165815707320624,8.757443110597741,5.822485287125483,9.287783247033524,7.813428535680056,6.112742846074272,10.412291341026824,12.08393004777903,14.110515271059795,10.290069051397799,6.810941042462224,12.108493911991676,13.847997246610673,10.740248482848786,5.601900931958217,7.93233061011521,11.791943657917823,10.160636239384464,5.849607928442673,9.272737652867761,11.57715711578787,8.592098475544542,7.330755136908376,11.067882031086679,12.865377217960223,14.910726210736168,16.384503373127092,12.295793510457877,19.56785907614465,20.56169117894275,16.6832389296642,19.634360197471704,23.106925423199876,20.706350815276146,24.18322245988234,23.27675617408959,23.817742038136757,21.365290512260344,18.767187933837935,19.406225125683175,19.636823939434198,16.220172425200076,14.490096692844833,16.985018483349787,16.3813763560563,11.736631841542119,12.22831660045107,8.856163839186461,13.906127568819752
21,21.344627694627814,20.075386562554698,18.188641477613935,16.414406766976906,16.28113558153013,14.698283340020687,11.365602086741301,8.618950620338914,6.103057295057891,3.270579687803739,1.3501474232704804,0.0,1.3462961647855602,3.144673693078003,2.3593427649089227,2.1043056461970533,4.3425432248690505,6.485285238451333,9.682379411034292,9.248560855803296,7.48297069107121,12.524096208236825,12.05644669162634,8.537000149790986,12.564231230695313,12.361117536294365,14.142573678865585,11.845125252113746,6.645197244251332,10.544051191515225,12.66061937046143,10.98309958504751,4.250859034103852,6.286855265254271,7.790151188487829,5.0553011538550345,2.5803234166415123,4.852449281311117,6.20619478926975,2.4203533010586833,2.847435743415687,6.049337368212585,7.04979953618796,9.194494563890377,11.000682845553047,9.825867629280472,14.761520219457717,15.219897633406758,12.894445505977972,15.842344019292597,18.57886173627607,16.224100081685513,20.53059480649003,20.36139465808847,20.710362853422936,17.669002040435956,15.713957587892283,16.940935192315536,16.50638781042913,12.128755494760068,11.954594582192362,14.793543174428972,13.416740629688324,7.9230075699696325,10.901410533981158,6.983942603021156,12.719250427483201
22,24.721928618592443,23.462645029952036,21.72331873412654,19.64260359921298,19.447660496530258,17.798104193782574,14.851026212217734,11.49743258376694,8.72060817330856,5.73935315311028,3.1345583342319165,1.3462961647855602,0.0,1.3486252831911132,3.2200603157814474,2.8788631231739403,2.319967727853314,4.856285637701322,8.743904755698843,9.731854502483749,7.395743310185723,11.77898389186548,12.408200065576176,10.434127683817476,14.926423284136769,14.842965482483038,17.444650392942474,15.003388026267949,9.601071559213452,14.578173627735925,16.784046031170867,14.567544444379326,8.276229209400245,10.161202755673974,13.224275830779096,10.512838392842012,7.070475461595297,10.236061796594765,11.835620903316023,7.2281551462633455,7.557231955251564,11.168129978718804,12.006862151440757,14.629422008662472,16.660472486406217,14.586635939422491,20.378307810004515,20.824051787627607,17.933962929482,21.130442609786726,24.01640610545185,21.22887672580174,25.147187524227178,24.44472946686725,24.297389532307193,21.72777560553695,19.583212524144827,19.75726181216205,19.13783384038351,15.997674872898115,14.907018974309127,15.978356749629052,14.596851545861666,10.467448321294192,11.297411426308457,9.549562024149449,14.29445232652741
23,24.166149749310087,23.249750089781113,21.709994991890643,19.765863565974797,19.117698550226134,17.042548316998833,14.942667294152232,10.80456954272998,8.627476915618374,2.1059006402473455,2.4459181843898783,3.144673693078003,1.3486252831911132,0.0,1.3532538120904534,3.223867866068922,2.5102058599440413,1.8553551362367398,5.830518565129392,6.3182091602549395,3.5139190148316763,6.385790149566737,7.018517760495412,6.633421710375428,11.104454774435522,11.75334749126565,14.827621805700955,12.628018665596935,7.7031059142926015,13.271795805973953,15.615832771168247,14.00136631655153,8.428981486902666,11.587639064243438,14.83353604839225,12.634044204708886,8.721688408129825,11.286919828556211,13.490638907567226,9.590326214524536,8.260460109565045,11.45247389933371,13.237066791042269,15.700104488045353,18.151537590113193,14.790613807125272,21.641572638333653,21.808130485217227,16.991462883276448,21.329856631118346,24.285003683871786,20.694852061985788,23.854519518086704,22.54731211575382,22.44491026776654,20.340935898374216,17.84516066498697,17.639773012328277,17.53205714809052,14.726862376827672,12.857084787939566,13.977001332853654,13.473702360311352,9.497028796492234,8.950382791846756,7.566126639350253,11.616674330068248
24,20.306221524702046,19.306348140910277,17.613066566889074,16.344418280489855,15.57920407130865,13.147805061196426,10.89475206013018,7.5556722759101405,6.839825660707205,2.4072793060519,2.383657356452847,2.3593427649089227,3.2200603157814474,1.3532538120904534,0.0,1.3498907217416327,3.0641352966104485,3.2898018248907688,4.951502788072806,3.9408451255535177,3.1556701090355284,8.093127546748349,8.201795342239194,4.052795057180671,7.673405057523813,7.019199653405621,9.724289159665895,8.33113075612443,2.386908150782604,7.200909815401077,9.73783803340528,9.006844942193538,2.877528098642704,7.338466002144543,9.497916914047924,8.3448839863337,4.569384956622352,5.061176473058134,7.944190401565853,6.392691591596154,3.1213590840759515,6.061805837167432,8.615055233994333,10.441952396526087,12.306003548543265,8.653924514170868,15.298222897935347,15.802121602913061,10.935807021495659,14.712110994580291,17.856039619044285,15.0802485865613,18.32054734390267,17.260301402433758,17.82421404390109,15.550853447518895,12.809780536735941,13.339377792274359,13.79115736050009,10.594701144694062,8.464988107416584,10.916437146787999,10.365217949096277,6.123636252387556,6.297109739798034,3.1968860172723956,7.974993905733577
25,25.14179814831977,24.128046474930787,22.30497126971688,20.847644748327895,20.508784296711656,18.47030939233673,15.555501712476573,12.622767038908734,11.099964311987707,6.102216675713682,4.784122109735591,2.1043056461970533,2.8788631231739403,3.223867866068922,1.3498907217416327,0.0,1.3489706621322486,3.2880991572972413,5.978742100052618,7.31557810119978,6.48977892403536,11.536991231923437,12.20359206865458,9.417238749835473,13.276793261758714,12.172098846989154,15.044270693564371,13.941126915653122,7.566852159945656,11.690345177604021,14.601726995658144,14.272224941713935,7.3493001465254535,10.657425463101493,10.865128393694905,8.274807604019028,5.980860566866899,7.192670715299676,7.308857786655875,3.3069992993548585,2.783403496134589,5.626054117461161,6.128161624585867,9.115639541732389,12.220964286998136,12.691475436765902,16.367967901486004,15.535705095861497,12.651263294854985,16.930188759632188,19.049136637535305,15.296011549106353,19.408757770282225,19.002871231968527,18.61065907249614,15.754719853639623,14.022224844324489,14.49505808905056,13.501565314733078,9.979786913972406,9.763153049610361,11.098374276493224,9.291810487668814,4.555987644916815,7.051946614455565,5.191414598012061,10.146601657501082
26,27.774112584353947,26.858314645801325,25.150235046255908,23.55408660637039,22.96749459030548,20.784176864772228,18.41910525158716,14.730144196572903,12.995229220999557,6.742699978744726,6.320047657967002,4.3425432248690505,2.319967727853314,2.5102058599440413,3.0641352966104485,1.3489706621322486,0.0,1.3495711169296074,4.300091910028605,7.474724104128175,6.163623792529663,10.213764013215567,11.59520497105098,10.417588149309655,14.592932733048348,13.71595196889969,16.93027492289456,15.922360044178447,9.59385638059951,14.795024812737754,17.4853634616775,16.92001919573718,10.471671699159096,14.331136113632354,16.018101706604654,13.767493430413628,10.67238578466013,11.9905607322108,13.449712444268997,9.38906803692153,8.157977137753695,11.019261092225106,11.718557768805136,15.07116190996189,18.175369318797472,16.46965222021059,21.99319301653029,21.434190476575044,17.17162215670785,21.919520268015592,24.352659920293394,20.18558565011959,23.651391987404264,22.59939828432399,22.00886101947101,19.74594722885146,17.69290312932008,17.25843707686644,16.49014027741731,13.851528868551123,12.375385557839383,12.572549006669107,11.475753062076766,8.215024242343382,8.0555058160489,7.883252537374612,11.588192661948536
27,25.899450752121048,25.41465308750247,24.043377879151905,22.235021748426988,21.285618592481008,19.148739862609663,17.549606369675274,13.048432952787529,11.26759521820301,3.166493965973574,6.156634773458229,6.485285238451333,4.856285637701322,1.8553551362367398,3.2898018248907688,3.2880991572972413,1.3495711169296074,0.0,1.3433710809473793,3.604842795656299,2.8278459462961245,3.382805953634947,5.447062077619193,6.665640391726841,10.617072663631424,10.171962939266818,13.877958526938478,12.99602018605844,7.681535218784873,12.91334552459157,15.702038478171312,15.84579757874461,10.60238588756602,15.076558999654692,17.105155782508206,15.446598146050802,12.046256372660277,12.344370729688197,14.643663459787737,11.232869363073197,8.721864691646077,10.747355133532652,12.810313000313572,15.614799260760034,18.78282404328997,16.026837697730794,22.09382834830891,21.44276385084642,15.36522515568066,20.943041155316383,23.472102777305704,18.918902972891846,21.65466164704065,20.04689572761937,19.65639386517225,17.9136551296353,15.452810058279017,14.686934519372997,14.61938880268552,12.26884222910792,9.963397472049586,10.49620074239885,10.503458752140027,7.038113975141206,5.669867303188095,5.637652158194398,8.44754545312503
28,26.921621779395814,26.54385014456817,25.09798184329521,23.985858504430997,22.86622012297385,20.368284956094826,18.92866939246676,15.080193826454034,14.547987180543263,7.514826657602833,10.165815707320624,9.682379411034292,8.743904755698843,5.830518565129392,4.951502788072806,5.978742100052618,4.300091910028605,1.3433710809473793,0.0,1.349949374454038,3.178114467766938,6.379946014517755,8.459472605782238,7.583577817075946,10.298571747549351,8.306369251530985,12.37833230517056,13.084938029604134,7.3232996921656195,12.024784931104206,14.991888534241378,15.672874421414688,11.164938441391437,16.063387785804334,17.669932854902015,16.684873452823588,13.1445656364511,12.352831063361988,15.137194115493074,12.675518131717563,9.2233867525641,10.109867337761333,12.966611012945066,15.474855492708485,18.684533107654723,15.882959642145,21.714373388764713,20.778353246372834,13.97318764107679,20.075192676511733,22.451310885477785,17.366037525124785,19.63300717965143,17.65119240339474,16.94588216011007,15.775710374703733,13.395789316634355,11.86796594139763,12.00788127071531,10.390829894824021,7.597120525872546,7.273603326416757,8.265616180442148,5.704342925093627,3.395069306201475,4.437531387591562,5.42176133680308
29,21.652922759322728,21.38687942441725,20.11796638541756,19.240831950325738,17.885127955777623,15.210101944629466,14.348215042764068,10.622391761284529,10.978911887836432,5.770975459834789,8.757443110597741,9.248560855803296,9.731854502483749,6.3182091602549395,3.9408451255535177,7.31557810119978,7.474724104128175,3.604842795656299,1.349949374454038,0.0,1.3405235435553098,3.7981449250125676,5.848154439532248,3.2073231395558803,4.259018353345697,2.469908895260752,6.232428916639736,7.117618025761514,2.9323362095402756,6.736538465339009,9.523719089995938,10.3172764597943,7.918095677857005,12.520175137096544,15.08539765195862,15.255573806418145,11.571888076359231,9.133740242911689,13.83061071745424,12.517034611074637,8.428305860195595,8.949578179804698,13.116448539159437,14.699855414828455,17.11089209899039,11.807327067567098,19.045098898434432,18.845703113823312,10.601491540823494,16.35300417610417,19.62964330402925,15.63760477240305,17.358942970520236,15.061102020569749,15.63050873133436,14.763382633872737,11.552735629974292,10.489549115623799,12.37277693242827,10.491797464834304,6.725746488949147,7.84840966929581,10.044231576186764,6.843672970492445,3.8036304084369212,2.8825141321455114,3.9001296932753378
30,22.577610001922288,22.19864236192561,20.9658133628231,19.476323872718687,18.2587115157751,15.902588253246709,14.654185641233697,10.261767299316592,9.326252430339538,2.563657051633026,5.822485287125483,7.48297069107121,7.395743310185723,3.5139190148316763,3.1556701090355284,6.48977892403536,6.163623792529663,2.8278459462961245,3.178114467766938,1.3405235435553098,0.0,1.34834952124699,2.95330926509286,2.453370966531454,5.501435989592874,5.674604785097201,9.391747951735782,8.736423883780509,4.4748157444776915,9.773024396452437,12.368517061931465,12.200858024717451,8.208708381620363,12.498162867133196,15.69152509231229,15.047197451455665,10.886355987852852,10.99133144520215,14.532356715070815,12.743463984805983,9.083003292861017,11.104022287189746,14.431727968065955,16.28550113215419,18.55592181114573,13.53466380538573,21.092770043306576,21.326549160409822,14.244888118094496,19.276538643810962,22.623333154517688,18.973160810129315,21.286016250056154,19.376180799024183,19.816792800259748,18.412111048466546,15.409498275245396,14.845409401647682,15.934212909227048,13.534337447671946,10.572951529423797,11.934474885401665,13.036219984787243,9.240559642946398,7.155892058716067,5.658185736505192,8.330434958505863
31,22.670274359710646,22.683626953538923,21.950677456651583,20.540086140949178,18.97514069829258,16.716758049289254,16.337848171802015,11.889272626484168,11.633093717549178,5.231314665221203,9.287783247033524,12.524096208236825,11.77898389186548,6.385790149566737,8.093127546748349,11.536991231923437,10.213764013215567,3.382805953634947,6.379946014517755,3.7981449250125676,1.34834952124699,0.0,1.349475634265425,2.7758623086143737,5.400369567831731,6.194467911331001,9.9061715115637,8.37388227581152,8.027703052508095,11.944506540704893,14.087919730302222,13.203074644410776,12.015892058163322,15.819227611186376,19.623958413346266,19.85999470707303,15.615049372820723,14.999026306462603,19.21748054380296,17.955214161526737,14.060302166163654,15.585301950939598,19.431882333940724,21.015995698536667,22.988133214875518,16.71230581021553,25.020316227196677,25.418024278313272,17.34450854072066,22.305706457561673,26.151736733266915,22.634902784517177,24.217645832219194,21.738630093005845,22.415028525095916,21.79655045114846,18.593434296014266,17.18411161918534,19.322990614127605,17.57589115024949,13.72407930752972,14.352337745289976,17.1567553091852,13.98131047005489,10.899505071967257,9.643554079875766,10.356320838473275
32,19.379033842557572,19.175890928377676,18.466017713144083,16.905047412362073,15.225744593053287,13.089304926947186,12.610489768289819,8.217770495521739,8.280879065960807,4.04871881334119,7.813428535680056,12.05644669162634,12.408200065576176,7.018517760495412,8.201795342239194,12.20359206865458,11.59520497105098,5.447062077619193,8.459472605782238,5.848154439532248,2.95330926509286,1.349475634265425,0.0,1.3452520857862296,4.186613551394042,7.1396404831440945,9.5473544136413,5.644664770672334,7.074974132553192,10.654771099392168,12.210745423237244,10.162390956965254,9.705726174023425,12.826074827987297,16.97707568356676,18.260241461047304,14.079794562840085,13.79183663754917,18.13652164291121,17.67500220936339,14.126806784123058,15.744032265541422,19.540798972923472,20.802634815616376,21.957912986810175,14.357372530125778,23.43284180966078,24.653345148290477,17.115025166965193,20.7302716729767,25.228216584056973,22.900181918409523,24.69158788006357,22.556206225880615,23.741388204275193,22.79096199369695,19.428350283665655,18.683698968109894,20.899745322524954,18.811017520272337,14.512099651039925,16.50012892317664,18.881441027953848,15.358710382604567,12.6417047002168,10.722883111712717,12.238139072047682
33,17.267516425466273,16.78619364782064,15.74215481368506,14.46918413717305,12.907838000417826,10.327498853130125,9.595685967067626,5.332392373110036,5.912530056426425,2.872319153657847,6.112742846074272,8.537000149790986,10.434127683817476,6.633421710375428,4.052795057180671,9.417238749835473,10.417588149309655,6.665640391726841,7.583577817075946,3.2073231395558803,2.453370966531454,2.7758623086143737,1.3452520857862296,0.0,1.3490411225927221,3.379937374693519,5.962848140610742,3.506507887747187,2.391095792559615,6.005633242742173,7.877275456898863,6.803321010057398,5.180503460109446,8.681809553299853,12.522879131552363,13.673512747351573,9.658301374638867,8.876312951428828,13.239048730559194,13.173348387473483,9.495562852753896,10.94311212852587,14.763041325680394,15.872954487005641,17.023202726043863,9.723773903970425,18.594870586721537,19.749673534141042,12.436023243013397,16.104502173224333,20.452997983072066,18.196915122398106,20.177241328295892,18.246288492011207,19.523491213280874,18.339968837472707,14.949215630750441,14.562465135337792,16.951826658863606,14.582602491385096,10.131281405724334,13.320797894241364,15.473125905226357,11.809427307610733,9.850409999356852,6.717007695184382,8.5678030713461
34,16.616155171652434,16.68726338637643,15.92104200112504,15.149764531042752,13.477690214788256,10.912122729406393,11.008716917628272,7.4123905839483015,9.072423198034384,6.954172941057422,10.412291341026824,12.564231230695313,14.926423284136769,11.104454774435522,7.673405057523813,13.276793261758714,14.592932733048348,10.617072663631424,10.298571747549351,4.259018353345697,5.501435989592874,5.400369567831731,4.186613551394042,1.3490411225927221,0.0,1.3419081804773036,2.834235774089831,2.165238306089002,2.074531855585913,4.420484384997447,6.326337917910828,6.408064742061866,7.182881504774494,10.934083073554536,13.984688513408678,15.92037673987311,12.530482740713785,9.003396908182646,14.673719423760803,15.744573289553058,11.665723885566228,11.116993127268518,16.17941296776653,16.333369076245393,17.36658487988887,9.844586109888194,18.223828808413277,19.04639285268357,10.863641856746238,14.810571911861501,19.155448989223064,17.003509433717248,18.369291131153595,16.103073931650414,17.868361739983506,17.245232530904712,13.479534878325197,12.942646784217237,16.224330559312122,14.503489079017774,8.674145194649622,13.119823250918063,15.89950868938261,13.133714165104985,11.22017109625165,7.583843145675815,7.8684284312878425
35,17.986539707463667,17.784949939103107,16.578561857698826,16.323496554219403,14.959319893590685,12.213766301231216,11.624252796850524,9.568133702533105,11.45942227025159,9.01034207882301,12.08393004777903,12.361117536294365,14.842965482483038,11.75334749126565,7.019199653405621,12.172098846989154,13.71595196889969,10.171962939266818,8.306369251530985,2.469908895260752,5.674604785097201,6.194467911331001,7.1396404831440945,3.379937374693519,1.3419081804773036,0.0,1.349559537259629,3.2371152952578033,2.564010300048684,2.2415237074691463,4.578643031236598,6.239730654404071,6.987395608157462,11.078494922376398,12.780701810220524,15.083546491106805,12.282624761468245,6.633970954196791,13.103173366700203,14.468283295946971,10.324002065362547,8.526478231774277,14.214086521108182,13.746818175499394,14.81526093786058,8.0764669227083,15.636344931216653,15.944263905822067,7.390743906117696,11.965116522472307,15.98535511344225,13.568933723674117,14.827633495651948,12.506183094789515,13.868154015482355,13.495718079237035,9.845250260666637,8.767072320947895,12.072121800767894,11.042163714893691,4.897163849540704,9.024990337901592,12.093386669558686,10.32964252734101,8.176129439073799,4.542257138281711,3.9971729598674814
36,14.148464022881987,14.278757855842494,13.280061375779905,13.386145982384374,12.047716401226836,9.320350442053106,9.322657148797058,8.3085403906283,11.220018861894369,10.261197517976452,14.110515271059795,14.142573678865585,17.444650392942474,14.827621805700955,9.724289159665895,15.044270693564371,16.93027492289456,13.877958526938478,12.37833230517056,6.232428916639736,9.391747951735782,9.9061715115637,9.5473544136413,5.962848140610742,2.834235774089831,1.349559537259629,0.0,1.3502183503165768,3.2192476392725635,2.7117296110757647,2.163949863957685,3.6493606616305017,5.654605652287986,9.990355837721804,11.724259251467794,14.513831744396287,12.381529109150879,7.230039455034523,13.34888923413635,15.311260443672763,11.938425186133752,9.746474521210232,15.460338360571487,14.150576949978822,14.440615625746174,6.785157534577851,14.482961327754111,15.237405135144494,7.117375097921243,10.02585812719161,14.395657474967996,13.016032856131698,13.453169594461944,10.627805159015384,13.185962876845759,13.61663082509149,8.841528451388488,9.064416040689895,13.09798791854524,12.31702804698085,5.20677712544715,11.729405556812491,14.553199500849594,12.79376383845917,11.887032893150181,7.6548340305086775,6.5920236208196545
37,12.126261159872396,12.028085780306467,11.310841332998473,10.555455192913113,8.776114101938667,6.201146746122732,6.510510396824009,3.8703079051875555,6.709709391862631,6.582738097273944,10.290069051397799,11.845125252113746,15.003388026267949,12.628018665596935,8.33113075612443,13.941126915653122,15.922360044178447,12.99602018605844,13.084938029604134,7.117618025761514,8.736423883780509,8.37388227581152,5.644664770672334,3.506507887747187,2.165238306089002,3.2371152952578033,1.3502183503165768,0.0,1.3505600031439546,3.28544080111632,3.1873969051598934,2.1118032157940005,3.1803783127984833,7.125441249585393,9.925997363386081,12.321525192455816,9.731906426631467,6.923175864242634,11.861566827049014,13.633151909602386,10.716153561774412,10.228729967078054,14.822135882147624,14.005807338606596,14.347464867028624,5.797090248047079,14.711575346060634,16.392717462374236,9.629405510554534,11.576239634875268,16.56443385581696,15.92067163577289,17.35199588440525,15.190802544520679,17.52357263427372,16.943932470638973,12.501069221987223,12.986860181466763,16.46763932949761,14.327470839637973,8.443286223401268,14.444682379053482,16.930047954541482,13.861181491814888,13.303826895802846,8.79092772498593,9.224635113354815
38,15.431694921784844,14.804609913549648,13.363952223798576,12.769059294938048,11.563155622182599,8.810166462105771,7.4752230293242965,5.1073553966687895,6.378521150086647,3.8563376571900054,6.810941042462224,6.645197244251332,9.601071559213452,7.7031059142926015,2.386908150782604,7.566852159945656,9.59385638059951,7.681535218784873,7.3232996921656195,2.9323362095402756,4.4748157444776915,8.027703052508095,7.074974132553192,2.391095792559615,2.074531855585913,2.564010300048684,3.2192476392725635,1.3505600031439546,0.0,1.351052222996407,3.383089766269992,3.554344700674739,2.204182640910967,6.101028381999267,8.000266120689732,10.075171859076733,6.789401593887353,3.64505643469435,8.789601926315138,9.550831857551811,5.602021766991845,6.1633443458895245,10.40789212582056,10.749174219343875,11.593806417091086,4.093347023330453,12.62023463512284,13.97400662254748,7.5784626738809235,10.289084191861848,14.66005781257173,13.269133976246065,15.681190349021966,14.261695052142228,15.693942732000677,13.97603848272956,10.572298812411672,11.056079755251393,13.091369579261768,10.215851294039572,6.165687680070243,10.27954222277367,11.84043261163956,8.069896148637,7.498851091539077,3.171561067289154,6.222249434627217
39,15.177598727157713,14.537552921110583,12.915418524551457,12.933612869778997,11.992473867537573,9.62962802040676,7.452246537012604,7.828563075055345,9.950851490515427,8.605704966826096,12.108493911991676,10.544051191515225,14.578173627735925,13.271795805973953,7.200909815401077,11.690345177604021,14.795024812737754,12.91334552459157,12.024784931104206,6.736538465339009,9.773024396452437,11.944506540704893,10.654771099392168,6.005633242742173,4.420484384997447,2.2415237074691463,2.7117296110757647,3.28544080111632,1.351052222996407,0.0,1.3460938714891793,3.465262910368624,3.8281494839298214,7.272892109871126,7.293400945853832,10.242540707045011,8.879463713698668,2.4113312362121615,8.71075644326208,10.829612006597474,7.502749345213288,4.734971649670407,10.531573252884947,9.000165208255796,9.451254662576195,2.1204014848632093,9.834266422474375,10.40447647572719,1.8394998469441992,6.4056913280375465,10.195691462407854,7.996658452376184,9.151150064944854,7.5324553987003435,9.990019382033983,9.018873715463796,4.395686674480564,6.493306629087624,9.378397398244402,7.435495555183879,1.7751842408885496,9.02206844367715,11.201094327806512,9.141207391556172,10.281055399243359,5.233460558707418,5.694149529185433
40,10.775218661606921,10.34611982951796,8.976493491547854,9.321754051833492,8.294704660757356,5.973338950684639,4.5837620892524,6.398058357543191,9.400226614350434,10.066423764819376,13.847997246610673,12.66061937046143,16.784046031170867,15.615832771168247,9.73783803340528,14.601726995658144,17.4853634616775,15.702038478171312,14.991888534241378,9.523719089995938,12.368517061931465,14.087919730302222,12.210745423237244,7.877275456898863,6.326337917910828,4.578643031236598,2.163949863957685,3.1873969051598934,3.383089766269992,1.3460938714891793,0.0,1.3488985282624615,3.2295125991895306,6.283675827030971,6.389297394008971,10.05783294896953,9.577433363821417,5.146453089524499,10.0823427477913,12.554975586913464,10.253207857301721,8.180538738309915,13.386093809882508,11.24219824344921,10.67621944774336,3.0337185684734203,10.136411766539432,11.748502146709145,5.331501205438813,5.920231934677171,11.00874160396133,11.160256395051263,12.682161620609492,10.641821229740708,13.6777077460094,13.50767652242065,7.474171063070049,10.910764696791597,14.223713844369573,11.54912407149439,6.454719767749122,13.78413535635327,15.835493449875482,12.944903593410267,13.904989053541923,8.633894820348946,9.693328046361252
41,8.16606453073828,7.667699645389379,6.760647881378991,6.762543510733273,5.455292019894939,2.8004506829816265,2.6463511170573337,2.2787183549037033,5.210566901023122,7.125476086795187,10.740248482848786,10.98309958504751,14.567544444379326,14.00136631655153,9.006844942193538,14.272224941713935,16.92001919573718,15.84579757874461,15.672874421414688,10.3172764597943,12.200858024717451,13.203074644410776,10.162390956965254,6.803321010057398,6.408064742061866,6.239730654404071,3.6493606616305017,2.1118032157940005,3.554344700674739,3.465262910368624,1.3488985282624615,0.0,1.3502824607132542,3.6344944674392727,6.481830428486585,8.994959068519366,7.440930143699678,6.145372943230379,9.945765885363913,11.973227295499928,10.38775546962466,9.897407933702912,14.176990710648427,12.739524974782462,12.5709649147352,3.823240170854829,12.418901992946621,14.463504572549661,8.747375521073312,9.306991140455521,14.699821188968897,15.001185877130059,17.097403083432898,15.477196802809013,18.241599871838634,17.023815770132664,12.011785998564104,14.502480659281089,17.389913695329188,13.99168156259692,9.51097824816549,15.990320554683718,17.89110261264771,14.439126942027848,15.194184182845518,9.85936834002799,11.846667313293288
