,10,11,12,13,14,15,16,17,18,19,20,21,22,23,24,25,26,27,28,29,30,31,32,33,34,35,36,37,38,39,40,41,42,43,44,45,46,47,48,49,50,51,52,53,54,55,56,57,58,59,60,61,62,63,64,65,66,67,68,69,70,71,72,73,74,75,76
10,0.0,1.3540731000885562,3.0322448738294767,2.9195060486626714,3.4260443251476733,5.230093243441151,8.289919590167036,10.12616777935785,9.879279591370004,13.3420601313114,16.74885326426195,16.711113390757934,20.463887635462033,20.15479298474264,15.609880994666655,19.748814329221183,23.34051156627427,22.196785792942972,22.81429999831563,17.626283039098205,17.735514636712733,17.75910414138432,14.56692786902577,13.780441207504072,13.451822246420848,15.571148478453694,13.008634111000285,9.915810356997278,12.00343273815548,9.404772493328935,6.808621186434989,9.336860771075038,10.527889324079919,10.70930402469699,10.7638081552025,14.09251208019657,14.084791394638312,13.066113808536187,16.32330992331232,18.16252992799939,18.154425354977604,17.14990377130731,19.84371788055555,16.687723236213042,13.811710953033822,8.620633953595743,10.740914015678067,14.616133229791028,13.869780692859802,10.90720685100246,15.382885386380485,17.372369149924733,20.45692045642194,20.00155231648781,23.18496502142625,22.332695230906047,16.139644981550095,21.61077411561378,24.292904422384726,20.088819324533866,18.163418473845784,24.520251134258654,25.82829633629744,22.42283225090049,24.860008763588933,19.549337790199125,22.486772370931163
11,1.3540731000885562,0.0,1.3503899744743613,3.089885966754434,3.1193322194633786,3.381935550259941,6.846848221403134,8.301553258497298,7.3760650922102045,10.686577031436833,13.959226286947356,12.865765104777067,17.023205929561037,17.15015276565081,12.089878812005722,15.833598197899477,19.617382808912286,19.1118632120583,19.792703997964967,14.445825071603126,15.11351522616342,15.794869907356697,12.554144720105466,11.02100990823062,10.885473378442063,12.289179742730218,9.80425816483251,7.051982429752801,7.963750927467679,5.14747176428895,3.2575236069225713,5.767677387909064,6.485767879252848,6.97140370264162,7.361039187737581,10.66382676779556,10.266029975768479,8.83229428823528,12.490504835392484,14.43628513929976,14.014296421999754,12.972661366791652,16.20121733600967,12.88894211859549,10.458239758486625,4.585395568924458,8.465941272288394,11.571239713365104,10.152782765596099,7.665598633291894,12.755232976018545,14.469499996540623,17.93111145860252,17.282545321196245,20.41510567017563,19.25040097823258,13.002159949080434,18.437014218311408,20.927471362978853,16.290453342293382,14.554788032505476,20.887804801329573,22.12597594036234,18.555649064315304,21.209269236585314,15.605396850016223,19.106832905928275
12,3.0322448738294767,1.3503899744743613,0.0,1.3495207132414788,3.2984881679391926,3.470476796262222,5.947716210077619,7.486179622570678,6.706029928742329,10.66712213613034,13.763579831030814,14.433894584567618,17.793460929556097,17.535444889003653,13.53461251748953,17.991050284862816,21.806091451832387,20.366373908763116,21.464818927826236,16.653470626356807,16.114379959026607,16.39387907123858,13.664042082800862,12.630941628050351,13.306864372977055,15.537201539433553,13.617195605057058,10.0660620508016,10.826701139452483,8.716567891896322,5.891959546888823,7.460724483973486,8.05214311684662,7.884684505761541,9.082196569570993,11.856763929720014,11.50770251576133,11.845073215616585,14.842765008937885,16.42339874629692,16.675975518866082,16.51756778673278,19.168968559174992,16.144078374607,13.374696133118116,6.561485741103936,11.554444965686212,15.125328923936696,14.306314979211894,12.002312859564872,16.839732111805745,18.67856399382608,22.18028135949352,21.6491432747529,24.74791983526534,23.456140388340692,17.41562738709773,22.53893041255821,25.055855921635086,20.213883175980214,18.31999434404714,24.646638096093476,25.799264593522754,21.776146276492053,24.165687665033573,18.58531440439462,22.581969327005663
13,2.9195060486626714,3.089885966754434,1.3495207132414788,0.0,1.3516308154683945,3.0521902597392496,4.741470143590881,7.318663957000779,7.984915544657077,11.665744058389981,15.269933290731338,16.47897114884336,19.69264526501186,18.819084812586627,14.684895079852977,19.636321437087354,23.10357258153923,21.022440724414587,21.736027251832184,16.861203243033913,16.126111807278505,15.59633654506333,12.816845934552077,12.44066045317217,12.633663306831334,15.724464808266896,13.924131834756308,9.68211737894463,12.00357499576422,10.340118294024139,6.7548898231991545,8.380584832908898,10.032181370916225,10.3715088301385,11.648439729540959,14.457512094051234,13.89847221140122,13.762830329137964,17.184105488389918,18.73682096657328,18.665657361897296,18.260468881777285,21.28363449137469,18.253240842461963,15.578232687961139,8.915692700630839,13.48445200878172,17.116723730446783,15.807110973708657,13.403411792321629,18.408316772872425,20.138690880871053,23.319836807695612,22.46914076856693,25.645719622201952,24.75322630669254,18.500831674730193,23.424120302891982,26.219745809674585,21.844798061835135,19.189143178855815,25.863970057663025,27.263640281613537,23.504426327355134,25.458249840869073,20.03251919724936,23.30866748795897
14,3.4260443251476733,3.1193322194633786,3.2984881679391926,1.3516308154683945,0.0,1.3461657335814223,3.6540081877929964,5.650912727430181,7.302548543331609,9.218001169192826,13.279677582095681,14.24247989163058,17.456481525212297,16.095098630332465,11.384219523659691,16.519665902236124,19.678710948397065,17.639830643872823,17.99295526310205,12.8287150529987,12.652751839624347,12.382763251636826,9.466356121732222,8.807154274854566,8.634180055164283,11.356932314307006,9.285836747394947,5.583628312039478,8.316323163394745,6.742404844464816,3.440922818257376,5.524610213397143,7.940509809207025,9.832711899408311,11.288275990072934,14.07865443075428,12.78262227032476,11.073364744438308,15.830426917159102,17.414440378053815,16.223482755839836,15.164556230370454,19.293289597448197,16.237464368427425,14.174174653725853,7.7940664351704765,11.904075954167926,15.039179329309173,12.116791800777463,9.693943308578584,15.137821195792387,16.444360279183748,19.074748008755137,17.73585639660512,20.946948837918995,20.60700515821205,14.021489349583819,18.740980925071714,21.840841182341833,18.38063553930193,14.698853475154342,21.728862868094875,23.544944473582714,20.46778577962073,21.838230447972602,16.57513179283042,18.83616319192154
15,5.230093243441151,3.381935550259941,3.470476796262222,3.0521902597392496,1.3461657335814223,0.0,1.3500312772771768,3.0752332902166333,3.3747212112540885,5.96641170456168,9.892807502411143,11.355680097574789,14.25747953764868,13.064664542535425,9.010425248680423,14.213097816818038,17.51243711677638,15.361595976713772,16.296108324379187,11.866885530365638,10.830717695141072,11.39627187233193,9.093807536770575,7.752388466504925,9.10348597519689,11.909142828708177,11.091440553938874,6.987068592272062,7.419077908198394,6.729624259485418,3.8549299423110837,4.071841350030453,5.523333427712334,7.13444624184499,9.857421094565714,11.75250276951063,9.747605082960497,9.809589028937491,13.942726975726954,14.893219063521673,14.158815352007663,14.29844249293158,17.802190136979878,15.437593289076492,13.86298213738673,6.350406661323851,13.169039783577501,15.863236996345414,13.089836889068055,11.871952671056054,17.278589345262994,18.368010305222974,21.533833669473108,20.323007577259965,23.244891172322944,21.977569966231396,16.24012501321378,20.075764167862044,22.807838109182438,18.519862138402136,15.190848936188642,21.66699658699153,23.148066687523244,19.227280253172722,20.364467664431828,15.074681319269317,18.796892695692378
16,8.289919590167036,6.846848221403134,5.947716210077619,4.741470143590881,3.6540081877929964,1.3500312772771768,0.0,1.3455387125031548,4.398668964893711,6.47206887236845,10.165536335804136,13.357705151162987,15.851219975121277,13.53462228022723,10.498418098448738,15.978986035714192,18.94089171764563,15.081042023151886,16.075488914712807,12.120433260315043,10.130393220121988,9.163431195130677,7.303982761630734,7.506501648227824,8.729902540552441,12.28385378178954,12.28567741890004,7.877823254886141,9.813084531867306,10.091973869574637,6.327956680705525,4.912765488225636,8.653723731772402,10.32053131510015,13.55628922788164,15.119728209915435,12.567064509990438,13.015050256329257,17.455138907621446,17.92966467722085,17.14094545084491,17.430044606986588,21.162083317046918,19.100230527079056,17.7589471467122,10.208436822998516,17.253632572037215,19.8513907684047,16.28237744967006,15.46487906614536,21.031605380158364,21.85282297272416,24.496042891764283,22.772821611470604,25.657167814168943,24.84448623528692,19.149715803624446,22.058857898087446,25.23554750264439,21.665340173927042,17.15467461420362,23.854088287499778,25.656447119882763,21.938425235775988,22.168789849755484,17.381653865071442,20.127331590955965
17,10.12616777935785,8.301553258497298,7.486179622570678,7.318663957000779,5.650912727430181,3.0752332902166333,1.3455387125031548,0.0,1.3463021924256906,2.98236470913581,6.329718303675958,9.831139066879798,12.081622103333508,9.377003369282939,7.293803848933277,12.52476470985971,15.6530447996659,11.651926656283559,13.355334533895608,10.399717997894795,7.508765424751666,7.9443502756132895,7.2160678803937435,6.008241380565477,9.132207577665403,12.260993293934982,12.966391365040874,8.832010404075488,8.366720045831919,9.40475239941497,6.191234424068803,3.7964008759847334,6.3366674537870935,8.393426272926083,12.098332121093652,13.126868874480804,9.749539862476079,11.115827379701276,15.233760409741583,15.029802433877057,14.288213396386512,15.37411275950694,18.727099185737185,17.345716697176904,16.601689500476873,9.616309317175071,16.963227212110887,19.204987897140484,15.631668576367389,15.61104487352095,20.890781167627637,21.287426427227302,24.28550470200635,22.91181796809823,25.45196344860377,23.852288943452354,18.98242295124944,21.421655843178545,24.068949092563958,20.084615675865923,16.14684420630272,22.162834154486163,23.599851072131866,19.4250544260406,19.56056582488478,14.859597259130572,18.706885425996767
18,9.879279591370004,7.3760650922102045,6.706029928742329,7.984915544657077,7.302548543331609,3.3747212112540885,4.398668964893711,1.3463021924256906,0.0,1.3504231936624078,3.4949574677201314,6.311941585979629,8.828015813090383,7.638290031340275,6.395818502462453,10.723663352550297,14.378922671660495,11.479355520860766,13.842109339176893,10.973350839079869,8.443013625872009,10.895506403558196,10.268708583433707,7.496470791874649,10.805030260274563,12.936645304809238,13.508463359307616,9.226927482530376,7.728184932494682,7.960127244081681,5.607899341504312,3.846732226120855,4.029007558406197,4.210508614951766,8.281402020346713,8.611203762860933,5.4792258836199705,8.72906551246811,11.530504251932735,10.817358178662333,11.220700402584386,13.044864627557844,15.394697168654153,14.216287898457123,13.33017070115127,6.932939663805437,14.225409524493806,16.431804582436722,14.208889544516516,14.180402162417035,18.944042246391202,19.468390495931704,23.068812655235465,22.113784037159903,24.512549506238727,22.346991864031292,17.923533985226562,20.683487232576923,22.674280780764995,17.98982752908193,15.44152051887808,20.85962167639798,21.63140541707146,16.932734879100828,18.124548412684046,13.176142287354894,18.11980519327285
19,13.3420601313114,10.686577031436833,10.66712213613034,11.665744058389981,9.218001169192826,5.96641170456168,6.47206887236845,2.98236470913581,1.3504231936624078,0.0,1.3372914302810845,3.6419328192470592,5.962887776878263,3.2840883158453753,2.442227159250262,6.446907055871228,9.666901977813113,5.792903782928184,8.311558879594529,6.599687827503442,3.2118390603918585,5.018276043239877,5.919928538494387,3.5704051289853505,7.8728029503765535,10.005022196826543,11.944144780661329,8.602754475692544,6.2698727763986595,8.955141646506798,7.29104158965125,3.3905839778418803,3.381836172740598,6.149638909952092,10.228727628421703,9.734415141785794,5.450154093358669,8.59786024643359,11.520673355544954,9.616847538755204,9.302009070959139,11.7667724331449,14.346422174706207,14.296487664640624,14.248091480400998,9.241109550484788,15.972037279946383,17.75233088229861,13.980472961136117,15.266969499902553,19.910816924274354,19.242662940925694,22.48011841464157,21.218538748888257,22.996529577856123,21.039705689826064,17.30793730487334,18.493916737407282,20.590361765872625,16.79458000732354,13.099406837336055,18.111602375432508,19.060797269804713,14.609182455720513,14.38395000973658,10.188970056271973,14.557311905642065
20,16.74885326426195,13.959226286947356,13.763579831030814,15.269933290731338,13.279677582095681,9.892807502411143,10.165536335804136,6.329718303675958,3.4949574677201314,1.3372914302810845,0.0,1.3464851526687027,3.1138910276660687,2.3605694311679097,2.5168161077545914,4.843105802174944,8.668663246981973,7.023481504213836,10.305409948886286,8.555334915499735,6.461885896145766,10.730753708543713,11.704221524023414,7.873957815255213,12.189345226883345,12.55163402743072,15.068297957911653,12.230061431884694,8.07282232982078,11.461499126014564,10.780950530062055,6.723793806789037,4.596832541994626,7.197984935571935,11.001487269149745,9.293447730685923,5.326971571300271,9.188361771383985,11.451744149613006,8.230208346105922,8.276532347998524,11.431333513999565,13.619978469129064,14.414895517895951,14.71548441546762,11.434731908661329,17.29666620166721,18.58172460726007,15.181671822128948,17.41235386416176,21.22694726252883,19.67778417233346,23.369338988756375,22.39316231397834,23.458696692791857,21.177103334894944,18.124774755106973,19.000804715676466,20.200749093189295,16.49995261192881,13.66806598744337,17.692202587680285,17.911005117216302,13.3330425031767,13.43920974208596,9.440669177209063,14.519973703382197
21,16.711113390757934,12.865765104777067,14.433894584567618,16.47897114884336,14.24247989163058,11.355680097574789,13.357705151162987,9.831139066879798,6.311941585979629,3.6419328192470592,1.3464851526687027,0.0,1.3485248823219138,3.023573384743025,2.346689734415846,2.1964471981533724,6.015310598108301,6.493991167168274,9.902324069283395,7.840759209910331,7.673799968049333,12.783526263483422,13.294356082318554,8.344873482776151,11.530853959969969,10.873236888657168,13.009384689656244,10.79020666887232,5.726716796865948,8.388527274227648,10.135435902153272,6.806995693561988,2.531947432349223,5.744156718900581,7.664143191728053,5.450300120294618,2.4399628801765725,4.467950530192516,6.303886968795174,2.8359120476683373,2.4739124400987715,5.63842715275398,7.5062285456388524,8.947143385829417,9.96880955452732,8.38832616032332,13.225611276186402,13.577469042952096,10.599939072509871,13.548078750543644,16.530459908603568,14.335101120018205,18.470521279027395,17.913474539096544,18.54766172277658,15.874991035514658,13.284510473733105,14.512581717338387,14.969453042294187,10.87846512105978,9.373069470453904,13.008030224974553,12.7122019293558,7.84409642653495,9.76491654953267,5.098122556163878,10.941666733904395
22,20.463887635462033,17.023205929561037,17.793460929556097,19.69264526501186,17.456481525212297,14.25747953764868,15.851219975121277,12.081622103333508,8.828015813090383,5.962887776878263,3.1138910276660687,1.3485248823219138,0.0,1.3501482553428101,3.0552161678118237,3.060747331604392,5.1127085428259695,4.731034708988432,9.147178794028822,9.054899671005362,7.991717800354216,12.891921996078711,14.9283846913639,10.553521033317645,14.541532796971106,13.892858959305023,16.69396157315259,14.620553915194698,9.443186668838106,13.110193863513889,13.87881482801144,10.03783815258977,6.316430626927819,9.515563974528702,12.427974972504446,9.942548602927733,6.370526062428379,9.532167865646308,11.306621582971431,6.483960034979027,7.12259543472106,10.409718941306394,12.301527644266791,14.018924421233953,15.114593231296084,13.114006489356912,18.30765901870327,18.749791207665613,15.28980285698101,18.51947311375826,21.638269907962936,19.16635817686873,23.06351638549354,22.142231780814743,22.53532178087382,20.14790999581708,17.49582131858092,18.034047074201705,18.3191064217258,14.999085732433958,12.99856278600188,15.52957006447089,15.032628303913947,10.625581663057059,10.703830491979454,7.7295710375076965,12.6777489336739
23,20.15479298474264,17.15015276565081,17.535444889003653,18.819084812586627,16.095098630332465,13.064664542535425,13.53462228022723,9.377003369282939,7.638290031340275,3.2840883158453753,2.3605694311679097,3.023573384743025,1.3501482553428101,0.0,1.349178431741364,3.3083353838963894,5.680307603226065,2.505796790957236,6.059668113640128,5.971501743954127,4.238917530158491,8.818035077000257,11.181292379742478,7.665370132366101,12.00068278366754,11.657479425959218,14.814241311580378,13.582510594060569,8.532615399432617,13.463209917165722,13.501939409087331,9.419862846392203,6.928509322099381,10.877756385239238,14.312017973411407,12.325160548553653,8.371029448871772,11.346572750691386,13.601981737239628,9.360170302700467,9.208069086722228,12.188116780822149,14.682515576952316,16.130344732212553,17.073873791493686,14.261320855000502,19.881037988686646,20.604141846557546,15.783144997693798,19.317348473817713,22.934893749021917,20.50773531383411,23.718998375316374,22.245709969995303,23.015028942889955,21.164193729613665,18.08177366100415,18.202288375470804,19.457616986232654,16.43233305972454,13.081287496432852,16.25953337486729,16.843922089417088,12.51825709651896,11.378395253700099,8.576340418364662,12.443486443922392
24,15.609880994666655,12.089878812005722,13.53461251748953,14.684895079852977,11.384219523659691,9.010425248680423,10.498418098448738,7.293803848933277,6.395818502462453,2.442227159250262,2.5168161077545914,2.346689734415846,3.0552161678118237,1.349178431741364,0.0,1.3490013960877412,3.7521958829094273,3.0919509991841934,5.282679252377152,3.0288300003500055,2.564181452096165,7.44314591602057,7.982031470483185,3.0463436001521296,6.958544315979449,6.834051098032633,9.444138876839904,7.507701622772969,2.818810599142273,7.3798044952282265,8.10156661225118,4.305468123374308,2.4939416026483543,7.476094016061383,10.891070416964281,10.519876160256665,6.1547752363807735,6.511470926770349,10.72569245491835,8.822908017124035,6.482213817686887,8.110300449681937,11.952533056038618,12.416194044477578,13.103830748797103,9.325209217302776,15.019638135713448,16.03770365652025,10.41998825093959,13.55336241652645,17.547946386639182,15.623288979871457,18.598437578765214,17.226637890945078,18.441527089290215,16.649542552182997,13.227362111828725,13.773875829759028,15.643187697781896,12.527635151396348,8.46055092227157,12.84371097034977,14.015886300690989,10.014810756349485,8.906391491114002,5.295350744097434,9.106149530087114
25,19.748814329221183,15.833598197899477,17.991050284862816,19.636321437087354,16.519665902236124,14.213097816818038,15.978986035714192,12.52476470985971,10.723663352550297,6.446907055871228,4.843105802174944,2.1964471981533724,3.060747331604392,3.3083353838963894,1.3490013960877412,0.0,1.3504784512445085,2.8341911857193662,6.558196331833437,5.386576662016655,6.144972866645432,11.373547357689775,12.780967060896641,8.04129640587884,10.79891000027873,9.201155323807113,11.971197881621958,11.505134989964624,5.2255545469576505,9.989563446256142,12.065882758915377,9.322312233315463,5.145891821368096,9.847776329208497,11.15244906588731,9.524629467707198,6.351940107219108,6.778194579061583,8.931270594104985,5.588576681477997,3.6461546354197347,5.571667665051545,8.727699684641545,10.357174578544624,12.368192730628477,10.979639420790976,15.349741626002983,14.913398581916038,9.808363322469715,14.519608479770554,17.20637118136263,13.86212411361713,17.348575569216422,16.220350631221685,16.53569461942614,14.342215317752476,11.60647583868368,11.998965814011315,12.589696211763126,9.387083480799395,6.996757355567384,9.940453597508172,10.016312890275115,5.876543276050132,6.1239883546774285,2.8936252112433207,7.283256879527911
26,23.34051156627427,19.617382808912286,21.806091451832387,23.10357258153923,19.678710948397065,17.51243711677638,18.94089171764563,15.6530447996659,14.378922671660495,9.666901977813113,8.668663246981973,6.015310598108301,5.1127085428259695,5.680307603226065,3.7521958829094273,1.3504784512445085,0.0,1.3455061220513211,4.580107923407957,6.380157775294828,7.586200137013638,12.320502233502536,14.564110402836304,10.379571492301082,12.897472121141135,10.761625572265656,14.06531238525647,14.282271380327003,8.156990853230415,13.772092177080673,15.644639284284796,12.67881799955409,9.111448116746317,14.467671196483469,16.36547133936172,14.84091551531016,11.317868657989647,11.586638298164212,14.150292190580673,10.274796705446525,8.376763505551448,9.555621009600541,13.332657395328773,15.137551845530037,17.35338320128609,15.514381018584764,20.01946178436692,19.52227715105619,13.01904515134206,18.505840578049238,21.294564045292,17.395969970920145,20.11112686855612,18.352451765752665,18.406130352533324,16.858237674620213,14.012462915621276,13.449374659081341,14.234250386084621,11.855521243272575,8.736055717464053,10.479605406132595,11.189211173497272,7.5766261887021935,5.776949279590807,4.661318397323257,7.207517031887869
27,22.196785792942972,19.1118632120583,20.366373908763116,21.022440724414587,17.639830643872823,15.361595976713772,15.081042023151886,11.651926656283559,11.479355520860766,5.792903782928184,7.023481504213836,6.493991167168274,4.731034708988432,2.505796790957236,3.0919509991841934,2.8341911857193662,1.3455061220513211,0.0,1.3361637904637107,3.1904704098628955,3.2676912165125107,5.539547028981336,9.081096644039567,7.425724852595608,10.476208593943147,8.61109488192843,12.566707774676152,13.018699346832408,8.14464422257802,13.960877891738532,15.079208585755765,11.160949645381542,9.50943636726059,14.694031887142016,17.830714913189038,16.47964230834804,12.482779830619467,13.021991025991504,16.302276117400343,12.491242519732474,10.5740183193414,11.563172817287741,15.79336442814268,17.32609960571286,19.144617458294015,16.467449507296365,21.436024516175163,21.349988352846257,13.989650745297514,19.31990581385474,22.624050135171508,18.986455948596376,21.156079689250937,19.01273137516829,19.444507711516035,18.35641822870843,15.218695729759688,14.327453418620197,15.934673019366995,13.855405344003039,9.807878919991698,11.990319494584849,13.590680086514118,10.130589370932736,7.522881817246274,6.346838049761152,7.675091104285295
28,22.81429999831563,19.792703997964967,21.464818927826236,21.736027251832184,17.99295526310205,16.296108324379187,16.075488914712807,13.355334533895608,13.842109339176893,8.311558879594529,10.305409948886286,9.902324069283395,9.147178794028822,6.059668113640128,5.282679252377152,6.558196331833437,4.580107923407957,1.3361637904637107,0.0,1.346878935498049,3.340337093752145,6.4638446286399756,9.102042815739816,7.056578375179887,9.719323181034591,7.813680555637145,11.907971537087855,12.477961740840817,8.596079159006454,14.30278780358806,15.27906258946306,11.734586439712617,11.262024701958369,16.668753667828277,19.85401937567563,19.327000233397357,15.025843765407231,14.302593459890428,19.033459066593387,16.27573414572423,13.533181264603552,13.722132133318373,18.785157051681942,19.604155720669183,20.96915963584679,17.718930275442617,22.667093226446866,22.861052234703337,14.751704113702756,19.844901621955845,23.539806702036064,20.189409629124153,21.64655862177188,19.12816139120252,19.788879150681716,19.376287929891987,16.051044308932074,14.518335453870824,17.045478512047254,15.662791472968694,10.525728725990177,12.873084986883303,15.503178951870076,12.891653879034193,9.557598512135401,8.245329020502869,7.859728430775734
29,17.626283039098205,14.445825071603126,16.653470626356807,16.861203243033913,12.8287150529987,11.866885530365638,12.120433260315043,10.399717997894795,10.973350839079869,6.599687827503442,8.555334915499735,7.840759209910331,9.054899671005362,5.971501743954127,3.0288300003500055,5.386576662016655,6.380157775294828,3.1904704098628955,1.346878935498049,0.0,1.3412973765243656,3.8485124190118323,5.908960888213796,2.558501642973683,3.8750994328908637,2.5407480808304714,6.0150226842420595,6.384147071655188,3.2713677050088603,8.56791939263656,9.58539919768659,6.62470180469742,7.0281636467590785,12.450134792891737,15.31898861745194,15.682512032131028,11.445393346364394,9.26677809320087,15.09202677855681,13.895253745885434,10.38060761049309,10.041728302428881,15.522944579018636,15.55368152583813,16.317780862661152,12.642930502498842,17.517963829196635,18.167129281332553,10.082617461848992,14.33050760804204,18.53107345565141,16.128820858948227,17.647734670612927,15.374458101316785,16.883643438736843,16.279370521394743,12.398819486798969,11.886743596944454,15.032931607123247,13.238114223926729,7.069882100667976,12.191154048254829,14.52343906147012,11.772185402680101,9.569875711064087,6.437484062629693,7.3081301589675185
30,17.735514636712733,15.11351522616342,16.114379959026607,16.126111807278505,12.652751839624347,10.830717695141072,10.130393220121988,7.508765424751666,8.443013625872009,3.2118390603918585,6.461885896145766,7.673799968049333,7.991717800354216,4.238917530158491,2.564181452096165,6.144972866645432,7.586200137013638,3.2676912165125107,3.340337093752145,1.3412973765243656,0.0,1.3481758068666931,3.4339619990349552,2.316981934328294,5.770564032161409,6.607270038084181,9.884493959579196,9.096098493724924,5.903048820773016,11.06162816028512,11.003739457695987,6.870643264282372,7.723854905518716,12.49745190327661,16.219784622434233,16.194443996711485,11.702779049301393,11.514290374689518,16.589204001072925,14.540269292814997,12.165258423189764,13.003060932724287,17.64568099975678,17.97805732312477,18.575615532980663,14.14382993207145,19.894709387529748,21.07190470596881,13.997149608599416,17.420997358647494,21.860878686364675,19.876813995697184,22.03377282191156,20.090932815779865,21.55086631082055,20.434155470060293,16.67243915379088,16.58761985238974,19.221928147976147,16.843025626832343,11.448919188772962,16.127279301068,18.02006685871325,14.477945212141446,12.351753356855275,9.447458310084272,11.456819667061977
31,17.75910414138432,15.794869907356697,16.39387907123858,15.59633654506333,12.382763251636826,11.39627187233193,9.163431195130677,7.9443502756132895,10.895506403558196,5.018276043239877,10.730753708543713,12.783526263483422,12.891921996078711,8.818035077000257,7.44314591602057,11.373547357689775,12.320502233502536,5.539547028981336,6.4638446286399756,3.8485124190118323,1.3481758068666931,0.0,1.3492801245057817,2.766647965504082,6.463806325597874,7.804082712552476,11.088354191136453,9.54693411354799,9.798844941211911,13.749250952642168,11.747819560044034,7.157847609382775,11.995908738174075,16.11738250637604,19.766608122848286,20.628336933481958,16.253465032836154,15.476804121824172,21.181606752341878,19.688423862895768,17.322668890793278,17.76062268991132,22.689397770955967,22.473646695377173,22.579409853262987,16.891194325272775,23.10143322304438,24.74858306866284,17.549404107770403,19.872821394470343,25.0452625437116,23.832293882597565,25.269237912935665,22.786965215428154,24.691597242658773,24.426297169736706,20.113065190466102,19.69150515773888,23.21357239159296,21.44806699893049,15.050256178709349,20.182975051140737,22.69873977633787,19.577388264147395,17.081990618459486,14.326791339079149,14.870393632048478
32,14.56692786902577,12.554144720105466,13.664042082800862,12.816845934552077,9.466356121732222,9.093807536770575,7.303982761630734,7.2160678803937435,10.268708583433707,5.919928538494387,11.704221524023414,13.294356082318554,14.9283846913639,11.181292379742478,7.982031470483185,12.780967060896641,14.564110402836304,9.081096644039567,9.102042815739816,5.908960888213796,3.4339619990349552,1.3492801245057817,0.0,1.3470655680913086,3.74979907610742,6.9296975124375155,8.817473380968783,5.937741691494233,8.071610999104847,10.954148649317421,8.204148234242163,3.83183189652884,10.697047786132519,14.51131443525167,17.774799213530418,19.399686001309654,15.456129548140582,13.514318293806484,19.884854586951715,19.75891838486937,17.171786568934273,16.729298099827105,22.006619671283094,20.819036067730025,20.36091850748558,14.258798996713049,20.31017308658501,22.24255278315016,15.501269976272988,16.75530337406907,22.234960775860422,21.813057675693496,23.303831818224324,20.97879900068238,23.444544139290766,23.176171921734408,18.08660173307306,18.886398340833782,22.615831394443454,20.69701839109628,14.064559004732805,20.579947075556813,22.99317612336469,20.11966648355398,18.40011474370925,14.794212734029113,15.543728572426648
33,13.780441207504072,11.02100990823062,12.630941628050351,12.44066045317217,8.807154274854566,7.752388466504925,7.506501648227824,6.008241380565477,7.496470791874649,3.5704051289853505,7.873957815255213,8.344873482776151,10.553521033317645,7.665370132366101,3.0463436001521296,8.04129640587884,10.379571492301082,7.425724852595608,7.056578375179887,2.558501642973683,2.316981934328294,2.766647965504082,1.3470655680913086,0.0,1.3473061437243783,3.3458935028908927,5.9346833752793415,4.455080633258178,3.2053300789439003,7.0470067983926095,6.429043895314654,2.9002542165576557,6.109641819447234,10.638239436943769,13.887856417004729,15.062757802629891,10.842326854355136,8.857935682310108,15.11022946099305,14.63786115809337,11.815040451992758,11.593517896345174,16.767875199533044,16.062498597588423,16.043461211094552,10.839833276051118,16.538278940874527,18.160483941637718,11.137687420807547,13.419262799931714,18.47150492697846,17.42831411915526,19.227127895433625,17.22725253183997,19.34984171432261,18.56507186621823,14.037636504405159,14.658676183008048,17.99918725670248,15.731162644367325,9.500585736666856,15.948813492871498,18.08961433862685,14.98246057632565,13.851758581223732,9.704370316658006,11.455821968045157
34,13.451822246420848,10.885473378442063,13.306864372977055,12.633663306831334,8.634180055164283,9.10348597519689,8.729902540552441,9.132207577665403,10.805030260274563,7.8728029503765535,12.189345226883345,11.530853959969969,14.541532796971106,12.00068278366754,6.958544315979449,10.79891000027873,12.897472121141135,10.476208593943147,9.719323181034591,3.8750994328908637,5.770564032161409,6.463806325597874,3.74979907610742,1.3473061437243783,0.0,1.3427813818018752,2.6701263652517033,2.030775953531109,3.259544688028708,6.124884340447872,5.920288534843566,3.2022085869173513,8.20339554589297,12.553277519293111,14.988303368712899,16.871061876168355,13.146586388458646,8.89205830159312,16.23166469264362,16.9222037606689,13.375144090454148,11.60380278734244,17.623681615408334,16.012058285225315,15.707509654520706,11.244445349807886,15.84518406306304,17.122929410451636,9.517981397814548,11.79861047489551,16.810012966069092,15.865344700828732,17.063807666672954,14.650894524794097,17.18843539778683,17.071133640709192,11.96764038107258,12.862385466122852,16.680099169943656,15.037181520728566,8.14996616530142,15.406964535245997,17.788704988593956,15.57121981669147,14.915991784495844,10.491296437744245,10.911634665390698
35,15.571148478453694,12.289179742730218,15.537201539433553,15.724464808266896,11.356932314307006,11.909142828708177,12.28385378178954,12.260993293934982,12.936645304809238,10.005022196826543,12.55163402743072,10.873236888657168,13.892858959305023,11.657479425959218,6.834051098032633,9.201155323807113,10.761625572265656,8.61109488192843,7.813680555637145,2.5407480808304714,6.607270038084181,7.804082712552476,6.9296975124375155,3.3458935028908927,1.3427813818018752,0.0,1.3485803753233947,2.9003845156901997,2.687959641689061,5.3223894646993255,7.33129320720311,6.084212554535429,8.053111435350758,12.817439127325583,14.300059895026827,16.321293398918883,12.842253992678925,7.335579597667059,14.962301893258461,15.783451455988166,11.795063041546884,9.223614851691234,15.652300216131696,13.735374360278312,13.778925784956769,10.56329609957329,14.2674488644983,14.719777736572551,6.486046734186149,10.03599199873969,14.376101246000239,12.703476195147166,13.712258587684767,11.461334379279446,13.624148107205684,13.479347053001709,8.694635075526751,9.084872283829279,12.89191397025505,11.802745957345794,4.56388080007627,11.617587814032733,14.223903029613373,12.776275878347437,11.872250831240835,7.57796517738286,6.985443521422863
36,13.008634111000285,9.80425816483251,13.617195605057058,13.924131834756308,9.285836747394947,11.091440553938874,12.28567741890004,12.966391365040874,13.508463359307616,11.944144780661329,15.068297957911653,13.009384689656244,16.69396157315259,14.814241311580378,9.444138876839904,11.971197881621958,14.06531238525647,12.566707774676152,11.907971537087855,6.0150226842420595,9.884493959579196,11.088354191136453,8.817473380968783,5.9346833752793415,2.6701263652517033,1.3485803753233947,0.0,1.348547254597649,2.8868902412640085,3.6317485532178666,5.335205611231708,6.050928949310961,8.875190971023017,12.69356638264481,13.604149806727984,16.34406756658091,13.631284074159257,7.622797926323131,15.377124507824185,16.958015628704107,13.337423501905754,10.238278520879229,16.526198988493036,13.643827746726965,12.99812484936783,9.320431061361365,12.398907066849109,13.434028112073396,6.220017160488633,7.623242479392692,12.365488224432964,11.478436441266684,11.849574478638525,8.87827551826842,11.656101942273567,12.66843149254637,7.27500417579417,8.212857031518643,12.499906717937892,12.108388939249943,5.328132503785342,12.43225899356657,15.178168331866845,14.296939427605954,14.426147655795125,9.878493835432424,8.325761199997489
37,9.915810356997278,7.051982429752801,10.0660620508016,9.68211737894463,5.583628312039478,6.987068592272062,7.877823254886141,8.832010404075488,9.226927482530376,8.602754475692544,12.230061431884694,10.79020666887232,14.620553915194698,13.582510594060569,7.507701622772969,11.505134989964624,14.282271380327003,13.018699346832408,12.477961740840817,6.384147071655188,9.096098493724924,9.54693411354799,5.937741691494233,4.455080633258178,2.030775953531109,2.9003845156901997,1.348547254597649,0.0,1.3493383305726734,2.9420123068668396,2.2853474420149333,2.4332950886069122,5.338255382487555,9.215358616501792,11.393221398922163,13.604682749818267,10.619674284180206,6.5773788939733056,13.588780329044608,15.027677212766825,12.20761434372379,10.389324818682097,15.931901951134094,13.5697339088089,12.668930903275177,7.227778330092176,12.260249099040905,14.027075931908406,7.624259245820428,8.097091022038644,13.4804338469956,13.582831896123967,15.03141528344618,12.922261943207674,15.798645357471095,15.700780039388931,9.732493689580407,12.19829644316258,15.91941465234152,13.83196421063331,7.6939206177475485,15.350383639921798,17.621057390335782,15.307460975363252,15.759660607372918,10.83308311362368,11.531224054944433
38,12.00343273815548,7.963750927467679,10.826701139452483,12.00357499576422,8.316323163394745,7.419077908198394,9.813084531867306,8.366720045831919,7.728184932494682,6.2698727763986595,8.07282232982078,5.726716796865948,9.443186668838106,8.532615399432617,2.818810599142273,5.2255545469576505,8.156990853230415,8.14464422257802,8.596079159006454,3.2713677050088603,5.903048820773016,9.798844941211911,8.071610999104847,3.2053300789439003,3.259544688028708,2.687959641689061,2.8868902412640085,1.3493383305726734,0.0,1.3490121892430518,2.9531091326716172,2.375561216949302,2.5365363988084266,6.398227961722356,8.635266510365197,10.527741321796784,7.1376295047068306,3.114327708783173,9.864019972645146,10.453328903450663,6.680013633654045,5.153039461376247,10.966053476740809,9.888725207973572,10.041794655139643,5.323006892484915,10.71126433834865,11.989955079930114,5.055151945434469,7.955539400672042,12.506563425623925,10.93567403065532,13.363090076010792,11.930049593107661,13.883075886237405,12.302486070698716,8.175564273433409,9.589870870849303,12.227048361482858,9.177635999918671,4.333289691838138,10.502012754801529,12.363756029492393,9.248725757364358,9.756205396721844,4.675176067958344,7.6263149125744
39,9.404772493328935,5.14747176428895,8.716567891896322,10.340118294024139,6.742404844464816,6.729624259485418,10.091973869574637,9.40475239941497,7.960127244081681,8.955141646506798,11.461499126014564,8.388527274227648,13.110193863513889,13.463209917165722,7.3798044952282265,9.989563446256142,13.772092177080673,13.960877891738532,14.30278780358806,8.56791939263656,11.06162816028512,13.749250952642168,10.954148649317421,7.0470067983926095,6.124884340447872,5.3223894646993255,3.6317485532178666,2.9420123068668396,1.3490121892430518,0.0,1.3515123552888326,2.991761650013068,3.0362470297534245,5.258145425147291,6.456164211302179,8.972895269492774,7.0957578205643035,2.637880664539502,8.930216605637067,10.822200205966379,8.570017505525339,6.764498423935373,11.550052409651537,8.512968758795072,7.068714898445475,2.157638225394042,6.45174773435747,8.433154580954408,3.799759962637978,2.9389688864280914,8.359041858334232,9.158958335916774,11.732314286786776,10.430779867833975,13.504993606365497,12.667497192145499,6.382275472722631,11.187085754910786,13.91299157485006,9.964933346809037,7.1359752303283965,13.877225000614487,15.485653897280764,12.55817018318236,14.778006037971807,9.154431434489455,11.920161619383578
40,6.808621186434989,3.2575236069225713,5.891959546888823,6.7548898231991545,3.440922818257376,3.8549299423110837,6.327956680705525,6.191234424068803,5.607899341504312,7.29104158965125,10.780950530062055,10.135435902153272,13.87881482801144,13.501939409087331,8.10156661225118,12.065882758915377,15.644639284284796,15.079208585755765,15.27906258946306,9.58539919768659,11.003739457695987,11.747819560044034,8.204148234242163,6.429043895314654,5.920288534843566,7.33129320720311,5.335205611231708,2.2853474420149333,2.9531091326716172,1.3515123552888326,0.0,1.3510806270973703,3.0261034954959998,5.851436213342461,7.7995653372137355,10.200494251748148,8.433298851356971,5.570840740062107,11.428781141448068,13.28479645878977,11.434475054190607,10.118023102590957,14.681476252891233,11.835647699863735,10.341743326766883,3.286820917119424,9.29498998871635,11.824074152304455,7.889241588682968,6.53824971651692,12.303541205818107,13.450906309109072,16.177866006725406,14.830639768799609,17.877409397522452,16.840182048860292,10.752840813144976,14.967420865960529,17.78492742380558,13.899132511260394,10.249065972836691,17.20344610429928,18.911089093314896,15.721800766106425,17.362789968753138,11.789532921852512,14.755822751607516
41,9.336860771075038,5.767677387909064,7.460724483973486,8.380584832908898,5.524610213397143,4.071841350030453,4.912765488225636,3.7964008759847334,3.846732226120855,3.3905839778418803,6.723793806789037,6.806995693561988,10.03783815258977,9.419862846392203,4.305468123374308,9.322312233315463,12.67881799955409,11.160949645381542,11.734586439712617,6.62470180469742,6.870643264282372,7.157847609382775,3.83183189652884,2.9002542165576557,3.2022085869173513,6.084212554535429,6.050928949310961,2.4332950886069122,2.375561216949302,2.991761650013068,1.3510806270973703,0.0,1.3450493699287693,4.430298656760989,7.871943160096113,9.4099712426989,5.788065602175697,5.5425241170045245,10.700175496839314,11.315115468672227,10.148752860874398,10.210496789807111,14.257569842680557,12.33564693455647,11.477456838472845,4.964323583495736,11.535712779675013,13.652421206545414,9.399532310582481,9.369346770962316,14.703644304682367,15.209060289246905,18.04035634572354,16.696957924931635,19.442288692753866,18.02089682758688,12.734264447797788,15.681286088529633,18.565855278521767,14.613327338546327,10.477847672691151,17.1504165258553,18.848296737691914,15.07206189010725,15.74696138171365,10.549125220016343,13.960346866610772
